Cols 1,2,3,4 -> SNP 1,2,3,4 in selected set
Col 5 -> Proportion of positives in positive set
Col 6 -> Proportion of negatives not in selected set
Col 7 -> Model size

get.outputs(signal=.5, rho=.1, adj="fdr", nrep=1e2)
     [,1] [,2] [,3] [,4] [,5]       [,6]      [,7]
[1,]    1    1    1    1    1 0.99434783 4.2600000
[2,]    0    0    0    0    0 0.01140324 0.5245489

get.outputs(signal=.05, rho=.1, adj="fdr", nrep=1e2)
          [,1]      [,2]      [,3] [,4]      [,5]      [,6]     [,7]
[1,] 0.4100000 0.4400000 0.4300000 0.45 0.4325000 0.8471739 1.860000
[2,] 0.4943111 0.4988877 0.4975699 0.50 0.2794633 0.3577639 1.295057

get.outputs(signal=.01, rho=.1, adj="fdr", nrep=1e2)
          [,1]      [,2]      [,3]      [,4]      [,5]      [,6]      [,7]
[1,] 0.0500000 0.0200000 0.0300000 0.0600000 0.0400000 0.1791304 0.2000000
[2,] 0.2190429 0.1407053 0.1714466 0.2386833 0.0987293 0.3842893 0.4494666

get.outputs(signal=5., rho=.7, adj="fdr", nrep=1e2)
     [,1] [,2] [,3] [,4] [,5]       [,6]      [,7]
[1,]    1    1    1    1    1 0.64673913 20.250000
[2,]    0    0    0    0    0 0.03997467  1.838835

get.outputs(signal=.05, rho=.7, adj="fdr", nrep=1e2)
          [,1]      [,2]      [,3]      [,4]      [,5]      [,6]     [,7]
[1,] 0.4700000 0.4600000 0.4100000 0.3500000 0.4225000 0.8141304 2.420000
[2,] 0.5016136 0.5009083 0.4943111 0.4793725 0.2791016 0.3716759 2.230097

get.outputs(signal=.01, rho=.7, adj="fdr", nrep=1e2)
          [,1]      [,2]      [,3] [,4]       [,5]       [,6]      [,7]
[1,] 0.0300000 0.0200000 0.0200000    0 0.01750000 0.08782609 0.1700000
[2,] 0.1714466 0.1407053 0.1407053    0 0.08886916 0.28073464 0.6674995