snp.1,snp.2,snp.3,snp.4,snp.5,snp.6,snp.7,snp.8,snp.9,snp.10,snp.11,snp.12,snp.13,snp.14,snp.15,snp.16
0,0,0,0,0,0,0,1,0,0,0,0,1,1,0,0
1,1,0,0,1,0,1,1,2,1,0,0,0,0,1,1
1,0,0,0,0,0,0,2,1,0,0,0,0,1,0,1
0,0,0,0,0,0,1,0,1,1,0,0,0,0,1,0
0,0,0,0,0,0,0,0,2,0,0,0,0,0,1,0
1,2,0,1,1,1,0,0,0,0,0,0,1,2,1,1
0,1,0,1,0,1,0,0,1,0,0,0,1,1,2,1
0,1,0,1,0,0,0,0,1,0,0,0,1,1,1,0
0,0,0,0,0,0,0,0,1,0,0,1,0,2,1,1
1,0,0,1,0,1,0,0,1,1,1,0,0,0,0,0
1,0,0,1,0,1,0,0,1,1,1,1,0,1,0,0
0,0,0,1,0,0,0,0,0,0,0,0,0,1,1,1
1,0,0,0,0,1,1,1,2,1,0,0,1,1,0,0
0,1,0,1,0,0,0,1,0,0,0,1,2,0,1,0
0,1,0,1,0,1,0,1,1,0,0,1,1,1,1,0
0,1,0,1,0,1,0,2,1,0,0,1,2,0,1,0
1,1,1,1,0,0,0,0,1,1,0,2,0,0,1,0
0,0,0,0,0,0,0,0,1,1,0,0,1,0,0,0
0,1,0,1,0,0,0,0,1,1,0,1,1,0,1,0
1,1,1,1,0,0,0,0,1,1,0,1,0,0,1,0
0,0,1,0,0,1,0,0,2,1,1,0,1,1,0,1
1,0,0,0,1,1,0,2,1,1,0,1,0,0,1,1
1,0,0,0,1,0,0,1,1,2,0,1,0,0,0,0
0,0,1,0,1,1,0,1,1,2,1,1,0,1,1,1
0,0,0,0,0,0,1,1,1,1,0,0,0,1,1,1
0,1,0,0,0,1,0,1,1,0,0,0,0,1,1,0
0,1,0,0,0,1,1,1,2,1,0,0,0,2,1,0
0,1,0,0,0,1,1,1,2,0,0,0,0,1,0,1
0,1,0,1,0,0,1,0,1,1,0,1,0,1,0,0
1,1,1,1,2,1,1,1,1,1,0,0,0,0,0,0
0,2,0,0,1,0,1,1,0,2,0,0,0,1,0,0
0,1,0,2,1,0,0,0,0,1,0,1,0,1,0,0
0,1,0,1,0,0,1,0,0,1,0,0,0,0,1,2
0,0,0,1,1,2,2,1,2,1,0,0,0,0,0,1
0,0,0,1,1,1,2,0,1,1,0,0,0,0,0,1
0,1,0,0,1,1,2,0,1,2,0,0,0,0,0,1
1,1,2,2,1,2,1,0,0,0,0,0,1,0,0,1
1,1,2,1,0,1,2,1,1,0,1,0,2,1,0,0
0,0,2,2,1,1,1,0,0,0,1,0,1,1,0,1
2,1,2,2,0,2,1,1,1,0,1,0,2,0,0,1
1,1,1,0,0,0,2,0,0,0,0,0,0,1,1,0
0,0,0,0,0,0,0,1,1,1,1,0,0,1,0,0
1,0,0,0,0,0,1,0,0,0,1,0,0,2,1,0
1,1,0,0,0,0,1,0,1,1,0,0,0,1,1,0
0,0,0,1,0,0,2,0,2,1,1,1,1,2,1,1
0,0,0,0,0,1,1,1,0,1,1,1,1,0,1,2
0,0,0,1,0,1,1,1,1,1,2,2,2,1,2,1
0,0,0,1,0,0,1,0,1,2,0,2,1,1,0,2
1,0,0,0,0,1,2,2,1,0,2,0,0,0,0,0
0,1,0,0,0,0,2,0,2,2,1,1,1,1,1,0
0,1,0,0,0,1,2,1,2,1,2,0,1,0,0,0
1,0,0,0,0,0,2,1,1,1,2,1,1,1,0,0
0,0,0,0,1,0,0,0,1,0,1,2,0,1,1,0
0,0,1,1,1,1,0,0,0,0,0,0,0,0,0,0
0,0,0,0,1,0,0,0,1,0,1,1,0,1,0,0
0,0,1,1,1,1,0,0,1,0,0,1,0,0,0,0
1,0,0,1,1,1,0,2,2,0,0,0,0,1,0,1
1,0,0,0,1,0,1,0,0,1,0,0,0,0,0,0
1,0,0,1,2,0,0,1,1,1,0,0,0,1,0,0
0,0,0,1,0,1,1,1,1,1,0,0,0,0,0,0
1,0,0,0,0,0,0,1,2,1,0,0,1,1,2,1
0,0,0,0,0,1,1,2,1,1,0,0,0,0,1,1
0,0,0,0,0,1,1,2,1,1,0,0,0,0,1,2
1,0,0,0,0,1,0,2,1,0,0,0,1,0,2,1
0,1,0,1,1,0,1,1,1,1,0,0,0,0,0,1
1,0,0,1,0,1,1,1,1,1,0,0,1,0,1,2
1,0,0,1,1,1,0,2,1,2,0,0,1,0,0,2
1,1,0,1,0,1,2,1,0,2,0,0,1,0,0,1
0,1,0,0,0,0,1,1,0,1,0,1,1,1,1,1
1,1,1,1,1,1,1,1,1,1,1,0,1,0,1,0
0,1,0,1,1,1,0,1,0,2,0,0,1,1,0,1
0,1,1,0,0,1,1,1,0,1,0,0,2,1,1,0
0,0,0,0,0,0,1,2,1,0,1,0,0,1,2,1
1,0,1,0,0,0,2,0,0,1,0,1,0,0,1,0
0,0,0,0,0,0,2,1,0,1,0,0,0,1,2,0
1,0,0,0,0,0,1,1,0,0,0,0,0,1,2,1
0,1,0,0,1,0,1,1,1,2,1,2,1,1,1,0
0,0,1,0,0,0,1,1,2,2,1,1,0,0,0,0
0,0,0,0,0,0,1,0,2,2,2,2,1,0,0,0
0,1,1,0,0,0,1,0,1,2,2,2,0,1,0,0
1,1,2,1,0,1,0,0,0,0,1,0,1,1,0,0
0,0,0,0,1,1,0,1,0,0,1,0,1,0,1,0
1,1,1,0,1,2,0,0,0,0,1,0,2,1,1,0
0,0,1,1,1,0,0,0,0,0,0,0,1,0,0,0
0,0,0,0,0,0,0,2,1,1,0,1,1,0,1,1
0,1,0,0,0,0,1,2,2,2,0,0,0,0,1,0
0,1,0,0,0,0,1,2,2,1,0,0,1,0,1,1
0,1,0,0,0,0,0,2,1,1,0,1,1,0,1,1
0,0,0,0,1,0,0,1,1,0,1,1,1,1,0,1
0,0,0,0,0,0,1,1,2,0,0,0,0,0,0,0
0,0,0,0,0,0,1,2,1,0,0,0,1,0,0,0
0,0,0,0,0,0,0,0,2,0,0,0,1,1,0,1
0,0,0,0,0,0,1,1,2,1,2,1,0,0,0,1
1,1,0,1,0,1,1,1,1,2,1,1,1,0,1,1
1,0,0,1,0,0,1,0,1,2,1,1,0,0,0,1
1,0,0,0,0,0,0,1,2,2,2,0,0,0,0,0
1,0,0,1,0,0,1,2,0,2,1,0,1,2,0,1
0,0,1,0,0,0,1,0,1,1,1,1,1,1,1,0
1,0,1,1,0,0,1,1,0,2,1,0,2,1,0,1
0,0,1,0,0,0,2,1,0,2,1,0,0,1,1,0
0,0,0,0,0,0,1,1,0,0,1,1,0,1,0,0
0,0,0,1,1,1,1,1,0,0,0,1,1,1,2,0
0,0,0,1,0,0,0,1,0,0,0,2,1,1,1,0
0,0,0,0,1,0,2,2,0,0,1,0,1,1,1,0
0,1,0,1,0,0,2,0,1,1,1,0,1,0,0,1
0,0,0,0,1,0,1,2,0,1,1,0,0,1,0,0
0,0,0,1,1,0,2,1,1,0,1,0,0,1,0,0
0,0,0,0,1,0,1,1,0,2,2,0,1,1,0,0
0,0,0,0,1,0,1,1,1,1,0,1,0,0,1,0
2,0,0,1,1,1,1,1,2,1,2,1,1,0,0,0
1,0,0,0,1,0,2,1,1,1,1,2,1,0,0,0
1,0,0,0,1,1,1,2,1,0,1,0,0,0,1,0
0,0,0,0,0,0,2,1,1,2,0,0,0,0,1,0
0,0,0,0,1,0,0,0,1,1,0,0,1,0,0,0
0,0,0,0,1,0,1,0,1,1,0,0,1,0,0,0
0,0,0,0,0,0,1,0,1,1,0,0,0,0,1,0
0,0,0,0,0,0,2,1,1,1,0,0,0,0,0,0
1,0,1,0,0,1,2,0,0,1,1,0,1,1,1,0
0,0,0,0,0,0,2,1,1,1,0,0,0,1,0,0
1,0,0,0,0,1,2,0,1,1,0,0,0,1,0,0
0,0,0,0,0,0,2,1,2,2,0,0,0,0,0,0
0,0,1,0,0,0,0,0,0,0,0,0,0,0,0,0
0,0,1,0,0,0,1,1,1,1,0,0,0,0,0,0
0,0,0,0,0,0,1,1,1,1,0,0,0,0,0,0
0,0,0,0,0,1,0,1,0,1,0,0,0,0,1,0
0,0,1,0,0,1,2,1,1,2,1,0,0,1,1,0
0,0,1,0,0,1,1,0,0,1,1,0,0,0,2,0
0,0,1,0,0,0,1,0,0,1,0,0,0,0,1,0
0,0,0,0,0,0,0,1,0,0,2,2,2,0,2,1
1,1,1,0,1,1,0,1,1,1,0,1,0,1,1,1
1,0,0,0,1,1,0,0,0,1,1,2,1,1,1,0
0,1,0,0,0,1,0,0,0,0,1,1,1,0,2,2
0,0,1,0,0,0,2,1,1,0,0,0,0,0,0,0
0,0,0,1,1,1,2,2,1,2,1,1,1,0,0,1
0,0,1,0,0,0,2,2,1,1,0,0,0,0,0,1
0,0,1,0,0,1,2,1,0,1,0,1,0,0,0,0
0,1,1,0,0,0,1,0,0,0,1,1,1,1,1,1
0,0,0,0,0,1,1,1,0,1,0,0,0,0,0,0
0,1,1,0,0,0,2,1,0,1,1,0,1,0,1,1
0,1,1,0,0,1,2,0,0,1,0,0,0,0,1,1
0,0,0,0,0,0,1,1,2,0,1,0,2,1,1,0
1,1,1,0,1,2,1,1,2,0,2,1,1,2,1,2
1,0,1,0,0,1,1,1,2,0,1,1,1,2,2,1
0,0,0,0,0,1,0,2,2,0,2,0,2,2,2,1
2,0,0,0,0,1,0,1,0,0,1,1,1,1,0,0
1,1,0,0,0,0,0,0,0,1,0,0,0,1,0,0
1,0,0,0,0,0,0,1,0,0,0,1,1,0,0,0
1,0,0,0,0,0,0,1,0,0,1,0,1,0,0,0
0,0,0,0,0,0,1,0,1,1,1,0,1,0,1,0
1,0,0,0,0,1,0,1,0,2,0,1,1,0,1,0
0,0,0,0,0,0,1,1,1,2,0,0,1,0,0,0
0,0,0,0,0,1,0,1,0,2,0,1,1,0,0,0
1,0,0,0,0,0,1,1,0,1,1,1,1,1,0,0
0,0,0,1,0,0,0,1,1,1,0,1,0,0,1,1
1,0,0,1,0,0,0,0,1,0,0,1,0,0,1,0
1,0,0,0,0,0,0,2,1,1,1,1,1,1,0,0
0,0,0,0,0,0,0,2,2,0,0,1,2,0,0,2
0,0,0,1,1,0,1,2,1,0,2,1,1,1,1,2
0,0,0,1,0,0,1,2,2,0,1,0,2,1,1,2
0,0,0,0,1,0,1,2,1,0,1,1,1,1,1,2
1,2,0,2,2,0,0,0,0,1,2,1,1,1,2,2
0,0,0,0,0,0,1,1,0,0,1,0,0,0,0,0
0,1,0,1,1,0,1,1,0,1,1,1,0,1,1,1
0,1,0,1,1,0,1,1,0,0,2,0,1,1,1,1
1,1,1,0,1,2,2,0,1,0,1,1,1,1,1,1
0,1,0,0,1,1,1,0,0,0,0,0,0,0,0,0
0,1,1,0,1,2,2,0,0,0,1,1,0,0,0,1
0,2,1,0,0,1,1,0,1,0,1,1,1,0,1,1
1,1,1,1,1,0,1,0,0,0,0,0,0,0,0,0
2,1,0,2,0,0,2,1,1,1,0,0,2,2,2,1
1,1,1,2,0,0,2,0,0,1,0,0,1,1,1,1
2,1,0,2,1,0,2,1,1,0,0,0,1,1,1,0
1,0,0,0,0,1,0,0,1,0,0,1,0,1,1,0
0,0,0,0,1,0,2,2,2,2,2,2,0,1,2,1
0,0,0,0,1,1,1,1,2,1,1,1,0,1,2,1
1,0,0,0,1,1,1,1,1,1,1,1,0,1,2,0
2,0,0,0,0,1,1,1,1,0,1,1,1,1,2,1
1,1,0,0,0,0,1,2,2,2,1,0,1,0,1,0
1,0,0,0,0,0,2,2,1,1,1,0,1,1,2,0
1,0,0,0,0,0,0,2,2,1,1,0,0,1,2,0
0,0,0,0,1,0,0,1,0,0,0,1,0,0,1,0
1,1,0,1,0,0,1,2,2,2,0,1,1,1,0,0
1,1,0,1,1,0,0,2,1,1,0,2,1,1,1,0
0,0,0,0,0,0,1,1,1,1,0,1,1,0,1,0
1,0,1,0,0,0,1,1,2,2,0,0,0,0,0,0
0,0,0,0,0,0,1,0,1,1,0,1,1,0,0,1
0,0,1,0,0,0,2,0,2,2,0,1,1,0,0,0
1,0,0,0,0,0,1,1,1,2,0,1,1,0,0,0
0,0,0,0,0,0,2,2,1,0,0,2,0,1,1,0
0,0,0,0,1,1,0,1,0,0,1,1,1,1,0,1
0,0,0,0,0,0,1,2,1,0,0,1,0,1,0,1
0,0,0,0,0,1,1,1,0,0,1,2,1,0,0,0
0,0,1,1,0,0,1,0,1,0,2,2,1,1,2,1
1,0,0,0,0,2,0,0,1,0,0,0,0,0,0,0
0,0,1,0,0,1,1,0,1,0,1,1,1,0,1,0
1,0,0,1,0,1,1,0,1,0,1,1,1,0,1,1
2,1,1,1,1,0,2,0,1,1,0,0,1,1,1,1
0,0,0,0,1,1,0,1,1,1,1,2,1,1,1,0
1,1,1,0,0,0,1,1,1,1,0,1,1,2,1,1
1,1,0,0,0,0,1,1,1,1,0,1,1,2,2,0
1,0,0,0,1,0,1,2,1,1,1,0,1,1,0,1
0,0,0,1,0,0,0,1,0,0,1,0,1,1,1,1
1,0,0,1,0,0,1,1,1,1,1,0,2,0,0,2
1,0,0,1,1,0,0,2,0,1,1,0,0,2,0,1
0,0,0,0,1,1,1,0,0,0,0,1,1,1,0,1
0,0,1,0,1,1,1,0,0,0,0,0,0,1,0,0
0,0,0,0,1,1,2,0,0,0,0,1,1,2,0,1
0,0,1,0,1,0,0,0,0,0,0,1,1,0,0,1
0,0,2,0,1,1,1,1,1,0,0,0,0,0,0,1
1,0,1,0,0,0,0,0,1,0,0,0,1,0,0,1
0,0,2,0,1,0,0,0,2,0,0,0,1,0,0,2
0,0,1,0,0,1,1,0,2,0,0,0,0,0,0,0
2,1,1,0,0,0,1,1,2,1,2,2,0,1,0,1
1,1,1,2,2,2,0,0,0,0,1,1,1,1,0,0
1,1,0,1,1,1,1,1,1,1,2,1,0,1,0,1
1,1,2,1,1,1,1,0,1,0,2,1,1,1,0,1
0,0,0,0,1,0,1,0,1,0,0,1,0,0,0,2
0,1,1,2,1,0,1,0,1,1,0,0,0,0,1,0
0,0,0,1,1,0,2,0,0,1,0,1,0,0,1,1
0,1,1,1,0,0,1,0,1,1,0,0,0,0,0,1
1,1,1,0,1,0,0,2,1,0,1,1,0,0,1,0
0,1,0,1,1,1,1,2,0,2,0,0,0,0,0,1
1,1,0,0,2,0,1,2,1,1,0,0,0,0,1,1
0,2,0,0,0,1,0,2,1,1,1,0,0,0,1,1
0,0,0,0,0,0,2,1,0,0,0,0,0,0,1,0
0,0,0,0,0,0,0,0,0,0,1,0,0,1,0,1
0,0,0,0,0,0,1,1,0,0,1,0,0,0,1,0
0,0,0,0,0,0,1,1,0,0,0,0,0,1,0,0
0,2,1,1,1,1,0,1,0,1,0,0,0,0,1,1
0,0,1,0,0,0,0,1,0,0,0,1,1,0,0,0
0,1,0,1,0,0,0,1,0,1,0,1,1,0,0,0
0,1,1,1,0,1,0,2,0,0,0,0,0,0,1,1
0,0,0,1,1,0,1,2,1,1,0,2,0,0,1,1
0,0,0,1,0,0,0,2,1,2,0,0,2,0,0,0
0,0,0,1,0,0,1,2,2,2,0,1,1,0,1,1
0,0,0,1,1,0,1,2,1,1,0,1,1,0,0,0
1,0,0,1,1,1,1,1,1,2,1,1,0,0,1,0
1,0,0,0,0,0,2,0,1,0,1,0,0,1,1,2
1,0,0,1,0,1,1,1,1,1,1,1,0,1,0,1
1,0,0,1,0,0,1,0,0,1,1,1,0,0,1,1
1,0,0,0,0,1,0,0,0,0,0,0,0,1,0,0
1,0,0,0,1,0,0,1,0,1,0,0,0,0,0,0
1,0,0,0,1,1,0,0,0,0,0,0,0,1,0,0
1,0,0,0,1,1,0,1,0,1,0,0,0,1,0,0
0,2,0,1,1,1,2,1,1,2,0,1,0,0,0,0
1,0,0,1,1,2,2,1,2,1,0,0,0,0,0,0
1,1,0,1,2,1,2,1,2,1,0,0,0,0,0,0
0,1,0,1,1,1,2,1,2,1,0,1,0,0,0,0
0,0,0,0,1,0,1,1,1,1,0,0,1,1,1,1
1,1,2,1,2,1,0,1,0,0,1,1,1,0,0,1
1,1,1,1,1,1,1,1,0,1,1,0,1,1,1,0
0,0,1,1,1,0,1,2,0,1,0,0,1,0,0,0
0,0,1,1,0,0,0,1,1,1,1,0,0,0,0,0
0,0,0,1,1,0,0,1,1,0,0,0,0,1,0,0
0,0,0,0,1,0,0,0,2,0,1,0,0,1,0,0
0,0,0,0,0,0,0,2,1,0,1,0,0,0,0,0
0,1,2,1,1,0,1,0,1,1,1,1,1,1,1,1
0,1,0,0,0,0,1,2,1,2,0,1,0,0,0,0
0,1,1,0,0,0,0,1,0,2,1,1,1,0,1,1
0,1,1,1,1,0,0,1,1,1,0,1,0,0,1,1
1,1,1,0,1,1,0,0,0,0,1,0,0,0,1,0
0,0,0,0,0,1,0,0,0,1,0,1,1,0,1,1
0,0,0,0,1,2,0,0,0,1,1,0,1,0,2,1
1,0,1,0,1,1,0,0,0,0,1,0,1,0,2,1
0,0,0,0,1,0,1,0,2,1,1,2,0,1,1,1
0,0,1,0,1,0,2,0,2,2,0,0,0,0,1,2
0,0,1,0,1,0,1,0,2,2,0,1,0,0,1,2
0,0,0,0,0,0,2,0,2,2,1,1,0,1,2,1
0,0,1,0,0,0,1,2,1,1,1,0,1,1,0,1
1,1,0,0,0,0,2,0,1,0,0,1,0,0,0,1
0,0,1,0,0,0,1,1,0,1,1,0,0,0,0,1
0,0,0,0,0,0,2,1,2,1,0,1,1,0,0,2
1,1,0,0,1,0,1,1,1,1,0,0,0,0,0,1
1,1,1,1,1,0,0,0,1,0,0,0,0,1,0,0
0,1,0,1,2,0,0,0,0,1,0,0,0,1,0,1
0,1,1,1,1,0,0,0,1,1,0,0,0,0,0,1
2,1,1,0,0,2,1,0,1,1,2,1,1,1,0,2
0,1,1,0,1,0,2,2,1,0,0,0,0,1,1,0
1,1,0,0,1,1,1,1,1,0,1,1,1,0,1,1
1,0,2,0,1,1,2,1,1,0,1,0,0,1,1,1
0,0,0,0,0,0,2,1,1,1,1,1,0,1,0,0
0,0,1,0,0,0,0,1,1,0,0,0,0,0,0,0
0,0,0,0,0,0,1,1,2,1,1,1,0,0,0,0
0,0,1,0,0,0,1,0,1,1,1,1,0,1,0,0
1,0,0,0,0,0,1,0,1,1,0,0,2,1,1,0
1,0,1,1,1,0,1,1,2,1,0,1,0,0,1,2
1,0,0,0,0,0,2,0,1,0,0,0,1,0,1,1
1,0,1,1,1,0,2,0,2,1,0,1,1,1,1,1
1,0,0,1,0,1,0,0,0,0,0,1,0,0,0,1
0,0,0,0,1,1,0,0,0,1,0,1,1,0,1,1
1,0,0,1,1,1,0,0,0,1,0,2,1,0,0,1
0,0,0,0,0,0,0,0,0,0,0,1,1,0,0,1
0,1,1,1,1,0,1,0,0,0,1,0,1,0,1,0
0,1,0,0,1,0,0,0,0,0,0,0,1,0,0,0
0,1,0,1,2,0,1,0,0,0,1,0,0,0,0,0
0,1,1,0,0,0,1,0,0,0,1,0,0,0,0,0
0,1,0,1,0,1,1,1,2,0,1,0,0,2,0,1
0,2,2,0,1,2,1,0,1,2,1,1,1,0,0,0
0,1,1,1,0,2,1,1,2,1,1,0,0,1,0,0
0,2,1,0,0,2,2,0,1,1,1,1,0,1,0,0
1,0,0,1,0,1,0,1,0,0,1,2,0,1,1,1
0,0,0,1,1,1,2,0,1,1,0,0,0,0,0,0
0,0,0,2,0,0,1,1,1,1,0,1,0,1,1,0
1,0,0,1,1,1,1,0,1,0,0,1,0,0,1,0
1,1,0,0,0,1,0,1,2,1,2,0,2,0,0,1
0,1,0,0,0,0,0,0,1,2,1,1,1,0,1,0
1,2,0,0,0,1,0,1,2,2,1,0,1,0,1,1
1,2,0,0,0,0,0,1,2,1,2,1,2,0,0,0
0,0,1,0,1,0,0,1,0,2,0,1,0,2,0,1
0,1,0,0,0,1,1,1,1,1,0,0,0,0,1,1
0,0,1,0,1,1,1,1,0,2,0,1,0,1,0,2
0,1,0,0,1,0,1,1,0,1,0,0,0,1,1,1
0,0,1,0,1,1,2,1,1,2,1,2,2,1,2,1
1,0,0,0,0,0,0,1,0,1,1,0,1,2,1,2
1,0,1,0,0,1,1,1,0,2,2,1,2,1,2,1
1,0,1,0,0,1,1,2,1,2,0,1,1,2,2,2
0,0,0,0,0,0,1,2,1,0,0,1,0,0,1,1
2,1,1,1,0,0,0,0,0,0,1,0,0,0,1,1
1,0,0,0,0,0,0,1,1,0,1,1,0,0,0,1
1,0,0,1,0,0,0,1,1,0,1,0,0,0,1,2
1,1,0,0,1,1,1,1,1,1,1,1,0,0,1,0
0,0,2,0,0,0,1,1,1,1,1,1,0,2,2,1
0,0,1,0,1,0,0,0,1,2,1,2,0,1,2,1
0,1,1,0,1,0,1,0,1,1,0,1,0,1,2,1
0,0,0,0,0,0,1,1,2,1,0,0,1,2,0,0
0,1,0,0,1,0,0,1,1,1,0,0,0,0,0,0
0,1,0,0,1,0,0,2,2,0,0,0,1,1,0,0
0,1,0,0,1,0,0,1,2,1,0,0,0,1,0,0
0,0,0,1,0,0,1,1,1,1,0,0,0,2,0,1
0,0,1,0,1,0,1,0,0,1,2,1,1,1,0,2
0,0,1,1,1,0,1,0,1,1,1,1,1,2,0,2
0,0,1,1,0,0,0,1,1,1,1,1,1,2,0,1
0,1,0,0,0,1,0,0,0,0,1,2,1,2,2,1
2,0,2,1,1,0,1,0,0,1,0,0,1,1,0,0
1,0,1,1,1,0,1,0,0,0,1,1,0,1,1,1
1,1,1,0,1,1,1,0,0,1,1,1,1,1,1,1
0,0,0,1,1,0,1,1,2,2,1,1,2,1,2,2
0,0,0,0,1,0,0,0,0,0,0,0,0,0,1,0
0,0,0,1,1,0,1,0,1,1,0,1,1,1,2,1
0,0,0,0,1,0,1,0,1,1,0,1,1,0,1,1
0,0,0,0,0,0,1,0,1,2,2,1,1,1,0,1
0,0,0,0,0,0,1,2,1,0,0,1,0,0,0,0
0,0,0,0,0,0,0,1,2,1,1,2,1,1,0,1
0,0,0,0,0,0,1,1,1,1,1,0,1,0,0,0
1,0,1,0,0,1,0,1,0,1,0,0,1,0,2,1
0,1,1,0,0,0,0,0,0,0,2,1,0,1,2,2
0,0,2,0,0,1,0,0,0,0,1,0,0,0,2,2
0,0,2,0,0,1,0,0,0,1,1,0,0,1,2,1
0,0,0,0,1,0,2,1,0,0,0,0,0,1,1,1
0,0,0,0,1,0,0,1,1,1,0,0,0,0,0,1
0,0,0,0,0,0,1,2,0,1,0,0,0,0,1,1
0,0,0,0,1,0,1,2,0,0,0,0,0,1,0,2
1,0,0,0,0,0,1,1,0,0,0,1,0,0,1,0
0,0,0,0,0,0,0,0,0,0,1,1,0,0,0,0
1,0,0,0,0,0,1,0,0,0,0,1,0,0,0,0
0,0,0,0,0,0,1,1,0,0,1,2,0,0,1,0
0,1,0,1,0,0,0,0,1,1,1,0,1,1,0,0
0,0,1,0,0,0,1,1,1,2,1,1,2,1,1,0
0,0,0,1,0,0,0,1,1,1,0,1,2,2,0,0
0,1,1,1,0,0,0,0,0,2,1,0,2,0,1,0
0,0,1,0,0,0,2,1,0,0,0,0,0,0,0,0
1,2,0,1,0,0,1,0,0,1,0,0,0,0,0,1
1,1,1,0,0,0,1,0,0,1,0,0,0,0,0,0
1,1,0,0,0,0,1,0,0,1,0,0,0,0,0,1
0,1,1,1,0,0,1,1,1,1,2,1,1,0,1,1
1,1,1,0,0,0,1,1,1,2,0,0,1,0,1,1
0,1,1,0,0,0,1,1,1,1,1,1,2,0,1,0
1,2,1,1,0,0,2,2,0,1,1,1,1,0,1,2
0,0,1,0,1,2,2,1,1,2,0,0,0,0,0,0
1,0,0,1,0,0,2,1,1,1,0,1,0,1,1,1
0,0,0,1,0,1,2,2,2,2,0,0,0,1,0,0
1,0,0,0,0,1,2,0,0,2,0,1,0,0,0,0
0,0,0,0,1,0,1,1,1,0,0,0,0,0,1,1
0,0,0,0,0,1,0,1,0,1,1,0,0,0,1,1
0,0,0,0,0,1,0,1,1,1,1,0,0,0,2,2
0,0,0,0,0,1,0,1,1,0,1,0,0,0,1,2
0,2,1,1,1,0,0,0,0,1,0,0,1,1,1,1
0,0,1,2,0,0,0,1,2,1,0,1,2,1,0,1
0,1,1,2,1,0,0,1,1,1,0,1,2,0,1,1
0,1,1,2,0,0,0,0,1,1,0,1,2,1,1,0
1,0,0,1,1,1,0,1,0,1,1,1,2,1,1,1
0,0,1,1,1,1,0,1,1,0,0,0,0,0,0,0
0,0,0,2,2,1,0,1,0,1,1,1,1,0,1,1
1,0,0,1,1,0,0,0,0,1,0,1,1,1,1,0
0,0,0,0,1,2,1,2,1,1,0,1,1,0,0,0
0,0,0,0,0,0,1,1,2,1,0,0,0,0,0,0
0,0,0,0,0,1,0,1,1,1,0,1,1,0,0,0
0,0,0,0,0,1,0,1,2,1,0,0,0,0,0,0
0,0,0,0,0,0,2,0,1,0,1,0,1,0,1,1
0,0,1,1,0,1,0,0,1,1,0,1,0,1,0,2
0,0,1,0,0,0,1,0,2,1,0,0,0,0,1,2
0,0,0,1,0,1,1,0,0,0,0,1,1,1,1,2
1,0,0,1,0,0,0,2,2,1,2,0,0,1,1,0
1,0,0,0,0,0,1,0,1,1,0,0,0,1,0,0
2,0,0,0,0,0,0,1,2,2,1,0,0,2,1,0
1,0,0,0,0,0,1,1,1,0,1,0,0,0,0,0
0,0,1,0,1,1,1,0,0,0,1,0,1,1,2,2
0,0,1,2,0,2,1,0,0,1,0,0,1,1,1,1
0,0,1,1,0,2,2,0,0,0,1,0,1,2,1,1
0,0,2,1,0,2,2,0,0,1,0,0,1,1,1,2
1,0,0,0,1,0,1,0,1,1,0,0,0,0,0,0
2,1,0,0,0,0,1,1,2,2,1,0,1,1,1,0
1,1,0,0,1,0,0,0,2,1,0,0,0,1,0,0
1,1,0,0,0,0,0,0,2,1,1,0,1,1,1,0
1,1,1,0,0,1,0,1,2,2,0,0,0,0,0,0
1,0,0,1,1,0,1,1,2,0,1,1,0,0,1,1
0,1,0,1,1,1,0,1,2,1,1,0,0,0,0,1
0,1,0,1,1,0,1,1,2,1,1,1,0,0,1,0
0,0,0,0,0,0,0,0,1,1,0,0,0,0,0,0
1,0,0,0,0,0,0,2,1,2,1,0,0,0,0,0
0,0,0,0,0,0,0,1,1,2,1,0,0,0,0,0
0,0,0,0,0,0,0,1,0,1,0,0,0,0,0,0
0,0,1,0,0,0,1,1,2,1,0,1,1,0,1,1
1,0,1,1,0,0,2,0,1,1,1,1,1,0,1,1
1,0,2,1,0,0,1,1,2,0,1,2,0,0,1,0
1,0,0,1,0,0,1,0,2,0,0,1,0,0,2,1
2,2,1,1,1,1,0,0,0,0,0,0,0,0,0,0
0,0,0,0,1,0,2,0,1,2,0,1,0,0,0,1
1,1,1,1,2,0,1,0,0,1,0,0,0,0,0,1
1,1,0,1,2,1,1,0,1,1,0,1,0,0,0,0
0,1,0,0,1,0,0,0,1,0,0,0,1,0,1,1
1,1,0,0,1,1,1,0,1,0,0,1,0,2,1,0
0,1,0,0,1,1,1,0,1,0,0,1,1,1,1,0
0,0,0,0,1,0,0,0,1,0,0,1,1,1,0,1
1,0,0,0,0,1,1,0,1,2,2,1,0,0,0,1
0,0,0,1,1,1,0,0,1,1,0,0,2,1,1,0
1,0,0,1,1,1,1,0,0,1,1,1,1,1,1,0
0,0,0,0,1,1,1,0,2,2,1,1,1,1,0,0
0,0,0,1,0,0,1,1,1,0,1,0,0,1,0,0
2,2,1,1,2,1,1,1,1,0,1,1,2,1,1,0
1,1,0,1,1,1,2,0,1,0,0,0,1,1,0,0
1,1,0,2,1,0,1,1,2,0,2,0,1,2,0,0
2,1,2,2,1,2,0,1,0,1,0,0,1,1,0,1
0,0,0,1,0,1,1,1,2,2,0,1,0,1,0,1
1,0,1,2,0,2,1,1,1,1,0,0,1,2,0,0
1,1,1,2,1,2,1,1,1,1,0,1,1,0,0,2
2,0,1,1,1,1,1,1,2,1,0,0,0,0,0,0
0,0,0,1,0,0,2,0,1,1,0,1,1,0,1,0
1,0,0,1,1,1,2,1,2,1,0,0,0,0,1,0
1,0,1,2,0,1,1,0,2,1,0,1,1,0,1,0
1,2,0,1,0,1,0,0,0,0,0,0,0,0,0,0
0,0,0,0,0,1,1,1,0,0,1,1,1,0,1,1
1,1,0,1,0,2,1,1,0,0,0,1,0,0,1,0
1,1,0,1,0,0,1,0,0,0,0,1,1,0,1,1
0,0,0,0,0,0,0,0,0,1,0,1,1,0,2,0
0,0,0,0,1,0,1,0,0,1,0,0,1,1,1,0
0,0,0,0,0,0,1,0,0,1,0,0,1,0,2,0
0,0,0,0,1,0,0,0,0,2,0,1,2,0,1,0
0,2,0,0,0,1,1,0,1,0,0,1,0,0,0,0
0,1,0,0,0,1,1,2,1,2,0,0,0,0,0,0
0,1,0,0,0,2,0,1,0,1,0,0,0,0,0,0
0,1,0,0,0,2,1,1,0,1,0,1,0,0,0,0
0,0,2,0,0,0,0,1,0,0,0,0,0,1,1,0
1,1,0,0,2,1,1,2,0,0,1,0,0,1,0,0
0,1,1,0,1,0,1,2,0,0,0,0,0,2,0,0
1,1,1,0,1,1,1,1,0,0,1,0,0,1,1,0
0,0,0,0,1,1,0,1,0,0,0,1,0,0,1,1
1,1,0,1,1,0,0,1,1,0,1,0,0,0,1,1
1,0,0,1,1,1,0,2,0,0,0,0,0,0,1,1
1,0,0,0,0,1,0,2,0,0,0,1,0,0,1,2
1,0,0,1,1,1,1,2,1,0,0,0,0,0,0,0
0,0,1,0,0,0,0,1,1,0,0,2,0,0,0,1
1,0,1,1,1,1,0,1,1,0,0,1,0,0,0,1
1,0,1,0,0,0,1,1,1,0,0,1,0,0,0,1
0,0,0,0,0,0,1,2,1,1,0,0,2,0,0,1
0,1,0,0,1,1,0,2,2,1,1,1,1,1,1,1
0,1,0,0,1,1,0,2,2,2,0,1,2,0,0,2
0,0,0,0,1,0,1,2,2,1,1,0,1,0,1,1
0,0,0,1,0,0,1,1,1,2,0,0,0,1,0,0
0,0,1,0,0,0,1,2,1,0,0,0,0,0,1,1
0,0,0,1,0,0,1,1,2,1,0,0,0,1,0,0
0,0,0,1,0,0,0,1,2,1,0,0,0,1,0,0
0,0,0,0,0,0,1,1,0,1,0,0,0,0,1,1
0,0,1,0,0,0,1,0,0,0,0,0,0,0,0,0
0,0,1,0,0,0,0,1,0,1,0,0,0,0,0,1
0,0,0,0,0,0,1,1,0,1,0,0,0,0,1,1
0,1,0,0,0,0,0,1,1,0,0,0,0,0,0,0
0,0,0,1,0,0,2,1,1,1,0,1,2,1,1,1
0,1,0,0,0,0,1,1,1,0,0,1,1,1,1,1
0,1,0,1,0,0,1,2,2,0,0,0,1,1,0,1
1,0,1,0,2,0,1,1,0,0,0,0,0,0,1,0
0,0,0,1,0,0,0,1,1,0,1,0,0,1,0,1
1,0,0,0,1,0,0,1,1,0,0,0,0,1,1,0
1,0,0,0,1,0,1,0,1,0,1,0,0,0,0,0
1,0,0,1,0,1,1,0,1,0,0,0,1,0,0,0
1,0,0,0,0,1,0,0,1,1,1,1,2,1,1,2
1,0,0,0,0,1,1,0,1,0,1,1,2,0,0,1
1,0,0,0,0,1,0,0,0,1,0,0,2,0,1,1
1,1,1,1,0,1,1,0,1,2,1,1,0,1,1,0
1,1,0,0,1,0,2,2,0,2,0,2,1,1,1,1
1,2,0,0,1,0,2,1,1,2,1,2,0,2,2,1
1,1,0,0,0,1,2,1,1,2,1,2,0,0,1,0
1,0,0,0,1,1,1,1,2,2,1,1,0,1,1,1
1,0,0,1,0,1,0,0,0,0,0,1,0,0,0,0
2,0,0,0,1,1,1,0,1,1,1,1,0,1,1,1
2,0,0,0,0,1,1,0,1,1,1,1,0,1,1,0
0,0,1,2,1,1,1,1,1,1,1,0,1,2,0,1
0,0,0,0,0,0,1,0,0,1,0,2,0,0,0,1
0,0,0,1,0,0,1,0,0,1,0,1,1,1,0,1
0,0,0,1,1,0,1,1,0,2,1,1,1,1,0,0
0,1,0,1,0,0,1,1,1,1,0,0,1,1,1,0
0,0,0,0,0,0,0,0,1,1,1,0,0,1,0,0
0,1,0,0,0,0,1,0,1,1,0,0,0,0,0,0
0,0,0,0,0,0,0,1,1,2,0,0,1,1,0,0
0,0,0,0,2,0,1,1,1,1,1,2,1,0,1,1
1,1,0,1,0,0,0,1,1,1,1,1,1,1,2,0
1,0,0,0,1,0,1,1,1,0,0,2,1,1,2,0
1,1,0,1,1,0,0,1,0,1,2,2,0,0,2,1
0,0,0,0,0,0,1,0,1,1,0,0,2,0,1,1
0,0,1,0,1,0,0,1,0,0,1,0,0,2,0,0
0,0,0,0,1,0,1,1,1,1,0,0,1,1,0,1
0,0,1,0,1,0,1,0,0,1,0,0,1,1,0,0
1,1,1,1,1,0,0,0,1,0,1,2,1,0,1,1
1,0,1,0,0,0,1,0,1,1,0,1,1,1,0,1
1,0,0,1,1,0,0,0,2,0,0,2,2,1,0,1
2,0,1,1,1,0,1,0,1,1,1,1,1,0,1,1
1,1,0,0,1,1,1,1,1,2,1,2,1,1,1,1
1,0,1,1,0,2,0,0,1,1,0,2,1,1,1,0
1,1,1,1,1,1,0,1,2,1,1,2,1,2,1,0
2,1,1,0,0,1,0,0,0,2,0,2,2,2,2,0
0,1,1,0,0,0,0,0,0,0,0,1,1,0,1,0
0,0,0,0,0,0,2,1,1,2,2,0,2,1,1,1
0,1,1,0,0,0,1,1,0,1,1,0,1,1,2,0
0,1,0,0,0,0,1,1,1,1,1,0,1,1,1,0
2,2,0,0,1,1,1,1,1,1,0,0,0,1,0,0
0,0,1,2,1,2,1,0,2,1,2,0,1,0,0,1
1,1,0,1,1,1,1,1,2,1,1,0,1,0,0,0
1,1,0,1,0,1,0,0,2,2,1,0,1,0,0,1
0,0,0,0,0,1,1,1,1,0,0,0,0,1,0,0
1,0,0,0,0,1,1,1,1,2,2,1,1,1,1,0
0,0,0,0,0,1,2,2,1,1,1,0,0,2,1,0
0,0,0,0,0,0,2,2,1,1,1,0,0,2,0,0
0,0,0,0,0,0,1,1,2,1,1,0,1,1,2,0
0,0,1,0,0,0,1,0,0,0,1,1,1,1,1,2
0,0,1,0,0,0,2,1,1,0,2,1,2,1,2,1
0,0,1,0,0,0,1,0,1,1,0,0,0,0,2,1
0,0,0,1,0,0,1,1,1,1,0,0,0,0,1,1
1,0,0,0,0,0,1,0,0,1,1,0,1,0,0,1
1,0,0,1,0,0,1,1,1,2,1,0,1,0,0,0
0,0,0,1,0,0,1,0,0,1,1,0,1,0,0,0
0,0,0,0,1,0,1,1,1,2,1,0,0,1,1,0
1,0,0,0,1,0,1,0,0,1,0,0,0,0,0,1
0,0,0,0,2,0,1,1,1,2,1,0,0,0,0,1
1,0,0,0,2,0,1,1,0,2,1,0,0,0,0,1
0,0,0,0,0,0,0,0,0,2,1,1,0,1,0,1
1,2,2,2,1,2,2,1,1,1,0,0,0,0,1,0
0,1,1,1,0,1,1,0,1,2,0,0,0,0,1,0
1,1,1,1,1,1,1,1,1,2,0,0,0,0,1,0
0,0,0,0,0,0,1,2,1,1,0,1,1,1,2,1
0,0,0,0,1,0,1,2,2,2,1,0,0,1,0,0
0,0,0,0,0,0,2,2,2,2,1,1,1,0,1,1
0,0,0,0,0,0,0,2,1,1,1,1,1,0,1,0
1,0,2,0,0,1,1,1,0,0,0,0,1,1,0,0
0,0,0,0,0,0,2,2,2,1,0,1,1,1,0,1
1,0,1,0,0,1,1,2,1,0,0,1,0,1,0,1
0,0,1,0,0,1,1,1,1,0,0,1,2,2,0,0
0,0,0,0,0,0,0,1,0,0,0,1,0,1,0,0
2,1,0,0,1,0,2,2,1,1,1,1,0,0,1,0
1,0,0,0,1,0,1,2,0,0,1,2,0,1,0,0
1,0,0,0,0,0,1,2,1,1,0,2,0,0,0,0
0,1,0,0,1,0,2,1,1,0,1,1,0,0,0,0
1,0,1,0,1,0,1,0,0,0,1,1,1,0,1,1
1,1,0,0,2,0,1,0,0,0,2,2,0,0,0,1
0,1,1,0,1,0,2,0,0,0,2,1,0,0,0,1
0,0,0,0,0,0,1,0,1,0,1,0,0,1,0,0
0,0,2,0,1,1,0,1,0,1,0,0,0,0,1,0
0,0,1,0,1,1,1,1,0,1,0,0,0,0,0,0
0,0,1,0,1,1,0,1,1,0,0,0,0,1,1,0
0,0,1,0,1,2,0,0,2,2,1,1,2,1,1,1
0,0,0,0,0,0,2,0,1,1,0,0,0,0,0,0
0,0,0,0,0,1,1,0,2,1,1,1,1,0,0,0
0,0,0,0,0,1,1,0,1,2,0,0,1,0,1,1
1,1,0,2,1,1,1,1,1,2,1,0,1,0,0,0
0,0,1,0,0,0,1,0,1,0,1,0,2,1,0,0
1,0,1,1,1,0,1,0,2,1,1,0,1,1,0,0
0,1,0,1,0,0,0,1,1,1,1,0,1,1,0,0
0,0,1,0,0,0,0,0,0,1,1,0,0,0,1,0
1,1,1,1,1,0,1,1,1,1,1,0,1,1,2,0
1,0,0,1,0,0,1,1,0,1,1,0,0,0,1,0
1,0,1,0,1,0,1,0,0,0,0,0,1,0,2,0
0,0,1,0,0,0,2,0,1,0,0,0,2,0,0,0
2,1,1,0,1,1,2,1,2,0,1,1,0,1,1,2
1,1,0,0,1,1,2,1,1,0,1,0,1,1,1,1
1,1,1,0,0,0,2,1,1,0,0,1,1,1,0,1
0,0,0,0,0,0,1,2,1,1,1,0,1,0,2,1
0,1,0,0,0,0,1,1,0,2,0,0,0,0,0,0
0,1,0,0,0,0,1,1,1,1,0,0,1,0,1,1
0,0,0,0,0,0,0,1,1,1,0,0,0,0,1,1
0,0,0,0,0,0,1,0,1,0,0,0,0,0,0,0
1,0,2,2,2,1,0,0,0,0,0,0,0,0,0,0
1,0,1,1,1,0,1,0,1,0,0,0,0,0,0,0
1,0,1,1,1,0,0,0,1,0,0,0,0,0,0,0
0,1,0,1,0,0,2,0,2,1,1,0,0,1,1,0
1,1,0,1,0,0,0,0,1,1,0,0,0,1,1,1
1,1,0,0,0,0,1,0,2,1,1,0,0,1,1,1
1,1,0,2,0,0,1,0,1,1,0,0,0,1,2,0
0,0,0,0,0,0,0,1,0,1,0,0,0,1,0,0
0,0,0,0,0,0,1,1,1,0,1,0,0,1,0,0
0,0,0,0,0,0,0,0,0,0,1,0,0,1,0,0
0,0,0,0,0,0,1,1,0,0,0,0,0,1,0,0
0,0,1,1,0,1,0,1,2,1,1,1,0,2,0,0
0,0,0,0,0,0,1,0,0,0,1,1,0,0,0,0
0,0,0,0,0,0,0,1,1,0,1,1,0,1,0,0
0,0,1,0,0,0,0,1,1,0,0,1,0,1,0,0
0,0,0,1,0,1,1,1,2,1,1,1,1,1,0,1
0,0,1,0,0,0,2,1,1,0,1,1,1,2,1,0
0,0,1,1,0,0,2,1,2,0,1,1,0,1,1,1
0,0,0,1,0,0,2,1,2,1,1,1,1,1,0,1
1,0,0,0,1,0,1,1,2,2,0,0,1,0,0,0
1,0,1,0,0,0,2,1,2,1,0,0,0,0,0,0
0,0,1,0,0,0,1,1,2,1,0,0,1,0,0,0
0,0,1,0,0,0,1,2,2,1,0,0,1,0,0,0
0,1,1,1,0,0,0,1,1,2,0,1,1,1,0,1
0,0,1,0,0,1,0,1,1,0,2,2,2,1,1,1
0,1,2,1,0,0,0,0,1,1,1,2,1,2,0,1
0,0,2,0,0,0,0,0,2,1,1,1,2,0,0,1
1,0,1,0,0,1,0,1,1,2,2,1,0,1,1,0
0,0,1,0,0,0,1,2,1,1,1,1,2,2,2,1
0,0,2,0,0,1,0,2,1,2,1,1,1,1,2,1
1,0,1,0,0,0,0,2,1,1,2,1,1,1,1,1
1,1,0,0,1,0,0,0,2,1,1,0,1,0,1,0
0,0,0,0,0,0,1,0,1,1,1,1,1,0,1,1
1,1,0,0,0,0,1,0,1,2,2,0,2,0,1,0
1,1,0,0,0,0,1,0,2,1,1,1,0,0,1,0
0,0,0,0,1,0,1,0,1,0,0,0,0,0,0,0
1,0,1,2,1,1,1,1,0,0,0,1,0,0,0,0
1,0,1,1,1,1,1,0,1,0,0,1,0,0,0,0
0,0,1,1,2,1,2,0,1,0,0,1,0,0,0,0
0,0,0,0,0,0,0,0,0,0,1,0,0,1,0,0
0,0,1,0,0,0,0,0,1,0,2,1,0,0,1,0
0,0,1,0,0,0,0,0,1,0,1,1,0,0,1,0
0,0,0,0,0,0,0,0,1,0,1,1,0,0,0,0
0,0,0,0,0,0,2,1,2,2,1,1,0,1,0,0
1,0,0,0,0,1,0,0,0,0,1,0,0,0,0,2
0,0,0,0,0,0,1,1,1,1,1,0,0,1,0,1
0,0,0,0,0,1,1,1,1,1,2,1,0,0,0,1
0,0,0,0,0,0,1,0,0,0,1,1,1,0,1,2
1,0,0,0,0,0,0,1,2,1,0,1,0,1,1,0
1,0,0,0,0,0,1,0,1,1,1,1,0,0,1,1
1,0,0,0,0,0,1,1,1,1,1,0,1,0,1,1
1,1,1,0,1,1,1,1,0,2,0,0,1,0,1,1
2,0,1,1,1,1,1,1,2,2,0,0,0,1,0,0
1,1,1,0,1,1,1,2,1,2,0,0,1,0,1,1
1,1,2,1,2,1,1,1,1,2,0,0,0,1,0,1
0,1,0,1,1,1,0,0,1,0,1,1,2,1,1,0
0,1,0,0,1,1,0,1,0,0,0,1,0,2,0,0
0,2,0,1,1,0,0,1,1,0,0,1,1,2,1,0
0,1,0,1,1,0,0,1,0,0,0,1,1,2,0,0
1,0,0,0,0,0,0,1,1,0,1,2,0,1,1,1
1,0,0,1,0,0,0,1,1,0,0,1,1,0,1,0
1,0,0,0,0,0,0,2,1,0,0,2,0,1,0,1
0,0,0,0,0,0,0,1,1,0,0,2,0,0,1,1
0,1,0,0,0,0,0,0,0,2,0,1,1,0,0,1
1,0,0,0,0,0,1,0,1,1,2,2,0,0,2,1
0,0,0,0,0,0,1,0,1,1,1,2,0,0,1,1
0,1,0,0,0,0,0,0,0,2,1,1,1,0,1,1
1,1,0,1,0,1,0,1,0,0,0,0,1,0,0,1
0,0,0,0,0,0,1,2,1,2,1,1,1,1,1,1
0,1,0,0,0,1,0,1,0,1,1,0,1,1,0,2
1,0,0,1,0,1,0,1,1,1,0,1,2,0,0,0
0,1,0,0,1,0,0,1,0,1,0,0,0,0,1,0
0,0,0,1,0,1,0,0,1,0,2,0,1,0,1,1
0,0,0,0,0,1,0,1,1,1,1,0,0,0,1,1
0,0,0,0,0,1,0,0,0,0,1,0,0,0,1,1
1,0,0,0,0,0,0,0,0,1,1,1,0,0,1,1
1,0,0,2,1,1,2,2,1,2,0,0,1,1,1,0
0,0,0,1,0,0,1,1,0,2,0,0,1,0,1,0
0,0,0,1,1,1,1,1,1,2,1,1,0,1,1,0
1,1,0,0,1,0,1,0,0,1,0,2,0,1,1,1
1,0,1,1,0,0,0,0,0,0,0,0,1,0,0,2
0,0,1,0,0,0,1,0,0,0,0,1,1,0,1,1
1,0,0,1,0,0,0,0,0,1,0,1,0,0,0,2
1,1,1,1,0,0,1,1,2,1,2,0,1,0,0,0
0,0,0,0,0,0,1,1,0,1,0,1,1,0,0,1
1,0,1,0,0,0,1,1,1,2,1,0,1,0,0,1
1,1,0,1,0,0,2,1,1,0,1,1,1,0,0,1
0,1,1,2,2,1,0,0,1,0,0,0,0,0,0,0
0,1,0,1,1,1,1,1,0,1,0,0,0,0,0,0
0,1,1,1,2,2,0,1,1,0,0,0,0,0,0,0
0,1,0,1,1,2,1,1,1,0,0,0,0,0,0,0
0,0,0,0,0,0,1,0,1,0,1,0,0,0,1,2
0,1,0,1,0,0,0,1,1,1,0,1,0,1,1,0
0,0,0,1,0,0,0,1,2,0,1,1,0,1,1,1
0,1,0,1,0,0,0,0,2,0,1,0,0,0,1,1
0,0,0,0,0,0,0,0,0,0,1,1,1,1,1,0
0,0,0,0,0,0,0,1,0,0,0,1,0,1,0,0
0,0,0,0,0,0,0,0,0,0,0,2,0,1,1,0
0,0,0,0,0,0,0,0,0,0,0,1,1,0,1,0
1,2,0,1,0,0,2,0,1,2,2,1,1,0,1,0
1,1,0,1,1,0,1,0,1,0,0,0,2,2,0,0
2,1,0,1,1,0,1,0,1,1,1,0,2,1,0,0
0,1,0,2,0,0,2,0,0,1,1,1,1,1,1,0
1,0,1,0,0,1,1,0,0,0,1,0,1,1,0,1
0,0,0,0,0,0,0,1,2,1,0,0,0,0,0,0
0,0,0,0,0,0,0,1,1,1,1,0,0,0,0,1
0,0,1,0,0,1,0,0,1,1,1,0,0,0,0,1
1,0,0,1,1,0,1,2,0,2,0,0,2,0,0,0
1,0,0,0,1,0,2,1,2,2,0,1,1,1,1,1
1,0,0,1,1,0,1,2,1,2,0,1,1,1,0,1
1,0,0,1,1,0,1,2,1,2,0,0,2,1,0,1
0,1,0,0,1,0,1,1,0,0,0,1,0,0,0,0
0,1,0,1,0,0,1,1,0,0,1,0,1,0,0,1
0,1,0,1,0,0,2,1,0,0,1,1,0,0,0,1
0,1,0,1,0,0,1,1,0,0,0,1,0,0,0,0
0,0,0,0,1,0,2,0,1,0,0,0,1,0,0,0
0,0,0,0,0,0,1,2,0,2,2,1,1,1,0,1
0,0,0,0,1,0,2,1,0,1,1,0,0,1,0,0
0,0,0,0,0,0,2,1,0,1,1,0,1,1,0,0
1,1,0,0,0,0,0,1,1,1,1,1,1,0,0,1
2,0,0,0,1,0,2,0,0,0,0,1,2,1,2,1
2,1,0,0,1,0,1,1,1,1,0,1,1,1,1,1
2,0,0,0,1,0,1,1,1,0,0,1,1,1,1,1
0,0,0,0,0,0,2,2,0,1,1,0,0,0,0,1
2,1,0,2,1,1,1,2,1,2,1,1,1,1,0,0
1,0,0,1,1,1,2,2,0,2,0,1,1,0,0,1
1,0,0,1,0,0,2,2,1,2,0,0,1,0,0,1
1,1,1,0,0,1,1,0,0,1,0,0,1,2,1,0
0,0,0,0,0,0,0,0,0,1,1,0,2,0,0,0
1,0,1,0,0,0,1,0,0,1,0,0,1,1,0,0
0,1,0,0,0,0,1,0,0,0,0,0,1,1,1,0
1,0,0,1,1,0,1,1,2,2,1,0,0,0,0,1
1,0,0,1,1,1,1,1,1,0,1,0,1,0,1,1
1,0,0,1,1,1,2,0,2,1,1,0,1,0,1,1
1,0,0,0,2,0,2,1,2,1,1,0,1,0,0,1
0,0,0,0,0,0,0,1,0,1,0,0,0,0,1,1
0,0,0,0,0,0,1,2,0,1,0,0,1,1,0,1
0,0,0,0,0,0,0,2,0,0,0,0,1,1,0,1
0,0,0,0,0,0,0,2,0,0,0,0,1,0,1,2
1,1,0,0,0,1,2,0,0,1,0,1,0,2,0,1
0,0,0,0,1,1,1,2,0,1,0,0,0,0,0,0
0,1,0,0,1,1,1,1,0,1,0,1,0,1,0,1
1,1,0,0,0,0,1,1,0,1,0,1,0,1,0,1
0,0,0,1,0,0,1,2,1,1,0,1,1,0,0,0
2,1,1,2,1,2,1,0,1,0,0,0,1,0,0,1
1,0,0,2,0,1,0,1,0,0,0,0,0,0,0,1
1,0,1,2,1,1,1,1,0,1,0,1,0,0,0,1
1,1,1,1,0,1,1,1,1,1,1,0,0,0,0,0
0,0,0,0,0,1,0,0,0,0,0,1,0,0,0,0
0,0,1,1,0,1,1,0,0,1,1,1,0,0,0,0
1,0,1,0,0,2,0,0,0,1,0,0,0,0,0,0
0,0,0,0,1,0,1,1,0,1,0,0,0,0,0,0
1,1,1,1,1,0,0,1,1,0,0,0,1,0,1,1
1,0,0,0,0,0,0,1,1,0,0,0,0,0,0,1
1,1,1,0,1,0,0,2,0,1,0,0,0,0,0,0
0,0,0,0,0,0,1,0,1,1,1,1,0,0,1,0
1,0,0,0,0,0,1,0,0,1,0,0,1,1,1,1
0,0,0,0,0,0,0,0,1,0,0,0,0,1,0,1
0,0,0,0,0,0,0,0,1,0,1,1,0,1,1,0
0,0,0,0,0,2,1,2,1,1,0,1,1,2,1,1
1,0,0,0,0,0,0,0,1,1,0,0,0,0,0,0
1,0,0,0,0,1,1,1,0,2,0,1,0,1,0,0
1,0,0,0,0,1,1,1,1,1,0,0,0,1,1,1
0,1,1,0,1,1,1,0,2,1,0,1,0,1,0,1
0,2,2,1,0,0,1,1,1,2,0,1,0,0,1,0
0,1,2,0,1,1,1,1,1,1,0,2,0,1,0,1
0,2,1,1,1,0,2,1,2,1,0,2,0,0,0,0
0,1,1,0,0,1,0,1,2,1,1,1,1,2,1,1
1,2,2,1,0,0,0,0,0,1,0,0,1,0,0,0
1,2,2,0,0,1,0,0,1,1,1,1,1,1,0,0
0,1,2,1,0,0,0,1,1,1,0,1,2,1,1,1
0,0,0,0,1,0,1,0,0,0,0,0,0,0,0,0
0,0,0,0,0,0,0,2,0,1,1,1,1,2,1,0
0,0,0,0,0,0,1,1,0,0,0,0,1,1,1,0
0,0,0,0,0,0,1,1,0,1,0,0,1,1,0,0
1,1,0,0,1,0,0,0,0,0,0,1,0,1,0,0
1,0,0,0,0,0,1,1,1,1,1,0,1,1,1,1
1,1,0,0,1,0,1,0,1,0,0,0,0,0,0,0
0,1,0,0,0,0,0,1,0,1,0,1,0,1,0,0
0,0,1,0,1,0,0,0,1,0,0,0,0,1,1,1
1,1,0,1,0,0,0,1,1,2,0,0,0,0,0,0
0,0,1,0,0,0,0,0,1,1,0,0,0,0,1,1
0,1,0,0,1,0,0,0,0,1,0,0,0,1,1,1
0,0,1,0,0,0,2,2,1,2,0,2,0,0,0,2
0,1,0,1,0,0,2,1,0,1,0,0,0,0,0,0
0,1,1,0,0,0,2,2,0,2,0,1,0,0,0,1
0,1,0,1,0,0,2,2,0,2,0,1,0,0,0,1
0,0,0,0,0,0,1,0,2,2,0,0,0,1,1,0
0,0,0,0,0,0,0,0,0,0,0,1,1,1,0,0
0,0,0,0,0,0,0,0,1,1,0,0,1,1,1,0
0,0,0,0,0,0,1,0,1,1,0,0,0,0,1,0
0,0,1,0,0,0,1,1,0,1,1,2,2,1,1,2
0,0,0,0,0,0,0,0,1,0,1,1,1,2,2,2
0,0,0,0,0,0,0,1,0,0,1,1,1,1,1,2
0,0,1,0,0,0,1,1,1,1,1,1,2,2,1,2
0,1,1,1,1,1,2,2,1,0,0,0,0,0,0,0
1,0,0,0,1,0,1,2,1,1,1,1,2,2,2,2
1,1,1,1,1,1,1,2,1,0,1,1,1,1,1,1
1,0,1,1,2,0,1,2,1,1,1,0,1,1,1,1
0,0,1,0,0,0,2,1,0,0,2,0,1,2,2,0
1,1,1,1,0,1,0,0,1,0,2,1,2,1,1,1
1,1,2,0,0,0,1,0,0,0,2,0,1,2,1,0
1,0,1,0,0,1,1,1,0,0,2,0,2,2,1,0
1,1,0,1,1,0,1,1,1,0,0,1,1,0,1,0
1,1,0,0,0,1,0,1,1,1,0,2,2,0,2,0
1,1,0,0,0,1,1,0,2,0,0,2,2,0,1,0
0,2,0,0,1,1,0,1,2,1,0,2,1,0,2,0
1,1,0,1,1,1,0,0,1,1,1,0,1,1,1,0
0,0,0,1,0,1,1,0,1,1,1,0,0,0,0,0
0,1,0,2,1,0,0,0,2,2,0,0,0,0,1,0
1,1,0,2,0,1,0,0,0,1,1,0,0,1,1,0
1,0,0,1,1,0,1,1,2,1,0,1,1,0,0,0
0,1,0,0,0,1,1,1,1,1,0,0,0,0,1,0
0,1,0,1,0,1,1,1,2,2,0,1,1,0,0,0
0,0,0,1,1,0,2,0,2,1,0,1,1,0,1,0
0,0,2,0,0,0,2,1,0,1,0,1,1,1,0,1
0,0,0,0,0,0,2,0,1,2,1,0,1,1,1,1
0,0,1,0,0,0,2,1,0,2,1,0,1,2,1,1
0,0,1,0,0,0,2,0,0,1,1,1,1,0,1,1
1,0,1,0,0,1,2,0,2,1,1,0,0,0,1,0
0,1,0,0,1,1,0,1,2,1,1,0,0,0,0,0
0,1,1,0,1,1,1,0,2,1,1,0,0,0,1,0
0,0,1,0,1,1,1,0,2,2,1,0,0,0,0,0
0,1,0,0,1,2,0,0,1,0,1,0,0,0,0,2
1,1,1,1,2,0,0,1,1,1,0,1,1,0,1,2
1,1,1,1,2,1,0,1,1,1,0,0,1,0,1,2
1,1,1,1,1,1,0,1,1,1,1,0,1,0,0,2
0,0,0,0,0,1,0,1,1,1,1,0,1,1,1,1
0,0,0,0,0,0,0,1,0,0,2,1,1,1,1,0
0,0,0,0,0,0,0,0,1,0,1,1,0,1,2,0
0,0,0,0,0,1,0,2,1,1,1,0,1,0,2,1
0,1,1,0,2,1,1,1,1,1,0,1,0,0,0,0
0,0,0,1,0,1,0,1,1,0,0,0,1,0,0,0
0,0,0,0,1,0,1,2,1,0,0,0,1,0,0,0
0,0,0,1,1,0,0,0,1,0,0,0,0,0,0,0
0,1,1,0,1,1,0,2,0,0,0,1,0,0,2,0
0,0,0,0,0,0,1,0,0,1,1,0,0,2,1,0
0,0,0,0,0,0,0,1,0,1,1,0,0,1,1,0
0,0,1,0,1,1,0,1,0,0,1,1,0,1,2,0
0,0,0,0,1,1,1,2,0,1,0,1,1,1,1,1
0,1,0,0,0,0,1,0,1,1,0,0,0,0,0,0
0,0,0,0,0,0,1,1,0,0,0,1,0,1,1,0
0,1,0,0,0,1,1,1,1,1,0,1,1,1,0,0
0,0,0,0,0,0,0,1,0,0,1,1,0,2,0,1
1,0,0,1,0,1,1,0,1,1,0,0,0,0,0,0
1,0,0,0,0,0,1,1,0,1,1,0,0,1,0,0
1,0,0,1,0,1,0,0,1,0,0,1,0,1,0,0
1,0,0,1,1,0,1,1,0,0,0,1,0,0,1,1
1,0,0,0,1,0,1,0,0,0,1,1,0,0,0,0
2,0,0,0,2,0,1,1,0,0,0,0,0,0,0,1
2,0,0,1,2,0,1,1,0,0,1,0,0,0,0,1
0,1,0,1,1,1,1,0,0,1,0,1,2,1,1,1
0,1,1,2,1,1,0,0,1,1,0,2,2,0,0,1
0,1,1,2,0,0,1,0,0,1,0,2,2,0,1,2
0,2,0,1,2,1,0,0,1,1,0,1,2,0,0,1
0,0,0,0,0,0,1,1,1,1,0,0,0,0,0,0
1,1,0,0,0,1,1,1,2,0,0,0,1,1,0,0
1,1,0,0,0,0,1,1,1,1,0,0,0,0,0,0
0,0,0,0,0,1,1,2,1,0,0,0,0,0,0,0
0,1,0,0,0,0,0,0,0,0,0,0,0,0,0,0
0,0,0,0,0,0,1,2,1,1,1,0,0,1,2,2
0,0,0,0,0,0,1,1,1,0,1,0,0,1,1,1
0,1,0,0,0,0,1,1,0,0,0,0,0,1,1,1
1,0,0,0,0,0,1,1,1,1,1,1,0,1,1,0
1,0,0,0,1,0,0,0,0,0,0,2,1,1,1,1
1,0,0,0,0,0,0,1,1,1,0,1,0,0,0,0
1,0,0,0,0,0,1,0,0,0,0,1,1,2,2,0
0,0,0,0,0,0,1,1,1,0,0,0,0,1,0,0
0,0,1,1,1,1,1,0,1,1,1,1,0,0,1,0
0,0,1,0,1,1,2,0,1,0,1,0,0,0,1,0
0,0,1,1,1,0,0,1,1,0,0,0,0,0,1,0
1,1,1,0,2,0,0,0,0,0,0,0,0,0,0,0
1,0,1,2,1,1,0,0,1,1,1,1,0,1,1,1
1,0,1,1,1,0,0,0,1,1,0,0,0,1,0,0
1,1,0,1,2,1,0,0,0,0,0,1,0,1,0,0
0,0,1,0,0,0,1,0,2,1,0,0,1,0,0,0
1,0,0,0,1,0,2,1,1,2,1,1,0,0,1,1
1,0,1,0,0,0,2,0,2,2,0,1,1,0,0,0
0,0,1,0,0,0,1,0,1,1,0,0,1,0,1,1
0,1,0,1,0,0,0,1,1,0,0,1,1,0,0,1
0,0,1,0,1,0,0,0,1,1,1,0,0,1,2,1
0,0,1,1,0,0,0,1,0,1,1,1,1,0,1,0
0,0,1,0,1,0,0,0,1,0,1,0,0,1,1,2
1,0,0,0,1,0,1,1,2,2,0,0,1,0,0,0
0,0,1,0,0,0,0,2,1,1,0,0,1,0,1,1
1,0,0,0,0,0,0,2,2,2,0,0,1,0,1,1
0,0,0,0,1,0,1,1,1,1,0,0,0,0,1,0
0,0,0,0,1,0,2,2,2,0,2,1,1,1,0,1
1,1,0,1,0,1,0,1,1,1,1,1,0,0,0,0
1,0,0,0,0,0,1,2,1,1,2,1,0,1,0,0
1,0,0,1,0,0,1,2,2,1,1,0,1,1,0,1
1,1,0,0,1,1,1,0,0,0,2,1,1,1,0,0
0,0,0,0,0,0,1,2,1,1,0,1,0,0,0,0
1,0,0,0,0,1,1,1,1,0,1,1,0,1,0,0
0,1,0,0,0,1,1,1,1,1,1,2,0,0,0,0
0,1,0,0,0,0,2,1,0,1,1,1,2,1,1,1
0,1,0,1,0,0,0,0,0,2,0,0,0,0,1,1
0,2,0,0,0,0,1,0,0,2,1,1,1,1,1,1
0,1,0,0,0,0,1,1,0,1,1,0,1,0,2,2
0,1,1,1,0,0,1,0,1,0,0,1,1,0,1,2
0,1,0,1,1,0,0,0,0,1,1,0,1,0,0,0
0,0,0,2,1,0,0,0,0,1,1,1,1,0,0,1
0,2,0,2,1,0,1,0,1,1,1,1,2,0,0,1
0,0,0,0,0,0,0,0,1,0,1,1,0,0,1,1
1,2,1,1,1,1,1,1,1,1,1,0,1,0,1,1
1,1,0,0,1,0,1,0,1,0,1,1,0,0,1,1
0,1,1,0,1,0,0,1,0,0,1,1,0,0,0,0
0,0,0,0,0,0,1,1,2,1,1,0,0,1,0,0
0,0,1,0,0,1,2,1,1,0,1,1,0,1,1,2
0,0,0,0,0,1,1,1,1,0,0,1,0,2,1,1
0,0,1,0,0,0,2,0,1,0,1,1,0,1,0,1
1,1,1,0,1,0,1,0,1,1,0,0,2,1,0,2
1,1,1,1,1,0,0,0,1,1,1,0,1,2,2,1
1,1,1,0,1,0,0,0,1,1,0,0,1,1,1,2
0,0,0,1,1,0,1,0,1,1,1,0,1,1,1,2
0,0,0,0,0,0,1,0,1,0,1,1,2,0,0,0
0,0,0,1,0,0,1,1,1,2,1,0,1,0,0,0
0,0,0,0,0,0,0,0,1,1,0,1,1,0,0,0
0,0,0,0,0,0,1,1,1,1,1,0,2,0,0,0
0,0,0,0,0,0,0,1,1,1,0,0,0,1,0,0
0,0,1,0,0,0,1,2,0,1,1,0,0,0,0,0
0,0,1,0,0,0,1,1,0,1,0,0,0,1,0,0
0,0,0,0,0,0,0,1,1,1,1,0,0,1,0,0
1,0,1,0,0,0,0,1,1,0,0,1,0,0,1,1
0,0,1,0,0,0,0,0,0,1,0,1,0,0,0,0
0,0,1,0,0,0,0,1,1,1,0,0,0,0,1,1
1,0,0,0,0,0,0,1,0,0,0,1,0,0,0,1
0,0,0,0,0,0,2,2,2,1,1,0,1,0,0,0
1,0,1,0,2,1,1,1,1,1,0,1,0,1,1,0
1,0,1,0,1,0,2,2,1,2,1,1,0,0,1,0
1,0,0,0,1,1,2,1,2,1,1,1,0,0,1,0
0,0,0,0,0,0,1,1,1,2,1,0,0,1,0,0
1,1,1,0,1,0,1,1,1,1,0,1,0,1,1,0
0,0,1,0,0,0,1,0,1,1,1,1,0,2,1,0
0,1,1,0,1,0,1,1,2,1,0,0,0,2,0,0
0,0,0,1,0,0,0,1,1,0,0,2,1,0,1,2
0,0,0,1,0,0,0,0,1,1,0,0,0,0,0,0
0,0,0,1,0,0,0,0,2,0,0,1,1,0,1,1
0,0,0,2,0,0,0,1,1,0,0,1,1,0,0,1
1,0,0,1,1,1,2,0,1,1,1,0,1,0,0,1
0,0,0,0,0,1,2,2,2,1,1,0,0,0,0,0
0,0,0,1,1,2,2,1,2,1,1,0,0,0,0,1
0,0,0,1,0,2,2,1,2,0,1,0,0,0,0,1
1,1,0,0,1,1,1,1,0,1,0,0,0,0,0,0
0,1,0,0,0,0,1,1,0,2,1,2,0,0,0,0
1,0,0,0,1,0,1,1,0,1,1,1,0,0,0,0
0,1,0,0,1,0,1,1,0,1,1,1,0,0,0,0
1,0,0,0,0,0,1,1,0,1,1,0,1,0,0,0
1,0,1,0,1,1,2,1,2,2,0,0,0,0,0,0
0,0,1,0,1,0,2,0,1,2,1,0,0,0,0,0
1,0,1,0,0,1,1,2,1,1,0,0,0,0,0,0
0,0,0,1,1,1,2,2,1,2,0,1,1,1,0,0
0,0,0,1,0,1,0,1,0,1,1,2,1,2,2,1
0,0,0,1,0,1,1,1,0,1,0,2,1,2,1,0
0,0,0,1,0,0,1,2,0,1,1,2,2,1,1,1
2,1,1,1,1,1,1,1,1,0,1,1,0,0,1,0
0,0,0,0,0,0,0,1,0,1,1,1,1,1,0,0
1,0,0,1,1,1,1,1,1,1,1,0,1,1,1,0
1,1,1,0,1,0,0,2,1,1,1,1,1,0,1,0
0,2,0,1,0,1,1,1,1,1,0,1,0,0,0,1
0,0,1,0,1,0,1,1,1,0,2,0,0,1,1,1
0,1,1,1,1,1,2,0,1,1,1,0,0,1,1,0
0,1,0,0,1,0,0,0,2,0,1,1,0,1,1,2
0,0,0,0,0,0,0,0,0,0,2,1,1,0,2,2
1,1,0,1,0,0,1,1,1,1,0,0,0,0,0,1
0,1,0,0,0,0,1,0,0,0,1,1,1,0,1,1
0,1,0,0,0,0,0,1,1,1,1,1,1,0,1,2
0,1,1,0,0,0,2,2,1,1,0,0,0,0,1,0
0,0,0,0,0,0,0,0,0,1,1,0,1,0,0,0
0,1,1,0,0,0,1,1,1,2,0,0,0,0,1,0
0,1,0,0,0,0,1,1,0,1,1,0,1,0,0,0
0,0,0,0,1,0,1,2,1,2,1,0,0,1,0,0
0,0,0,0,0,0,2,1,2,1,0,0,0,0,0,0
0,0,0,0,0,0,1,2,1,2,0,0,0,1,0,0
0,0,0,0,1,0,1,2,2,1,0,0,0,0,0,0
0,0,0,0,0,1,1,1,1,2,0,0,1,0,1,1
0,1,0,1,0,1,0,0,0,1,0,1,0,0,0,1
0,0,0,1,0,2,0,0,1,1,0,0,1,0,1,1
0,0,0,0,0,1,0,0,0,2,0,0,0,0,0,1
0,0,0,1,1,0,2,1,1,1,0,1,0,0,0,0
2,0,0,1,1,1,0,0,1,1,0,0,0,0,1,0
1,0,0,0,0,0,1,0,1,1,0,1,0,0,1,0
1,0,0,2,0,0,1,1,2,2,0,0,0,0,0,0
1,1,1,2,0,0,0,1,0,0,0,0,0,0,1,1
1,0,0,0,0,0,0,0,1,0,2,1,2,1,2,1
0,1,1,1,0,0,0,1,0,0,1,0,1,0,2,1
1,0,0,1,0,0,0,1,1,0,1,1,1,1,1,2
0,0,0,0,1,0,1,1,2,1,0,0,0,0,0,0
1,1,0,1,1,1,0,0,0,1,1,1,0,0,1,1
1,0,0,0,1,0,0,1,1,2,1,0,0,0,1,0
0,0,0,1,1,0,0,1,1,1,1,0,0,0,0,1
0,0,1,1,0,1,0,1,1,1,0,1,0,1,0,0
0,0,2,0,1,0,1,1,0,0,0,0,0,0,0,1
0,0,2,0,0,1,0,2,1,0,0,1,0,1,0,0
0,0,2,0,0,0,0,2,0,0,0,0,0,1,0,1
0,0,0,0,1,0,0,0,1,0,0,0,1,0,0,0
2,1,0,1,0,1,0,2,2,1,2,0,1,1,0,1
1,0,0,0,1,1,0,1,1,1,1,0,1,1,0,1
1,0,0,0,1,1,0,1,1,0,1,0,1,0,0,1
1,0,0,0,0,1,2,2,0,1,0,0,0,0,0,0
0,0,0,0,1,0,0,0,1,1,1,0,0,0,0,0
1,0,0,0,0,1,1,1,0,2,1,0,0,0,0,0
1,0,0,0,0,1,1,1,0,1,0,0,0,0,0,0
0,0,0,1,0,0,0,0,0,0,2,0,1,0,1,2
1,1,1,1,1,0,1,1,1,1,0,1,2,0,0,1
1,0,0,2,0,0,0,0,1,1,1,1,1,0,1,1
0,0,0,1,0,0,0,1,1,0,1,1,2,0,0,2
0,1,1,0,1,1,1,2,0,2,0,0,1,0,1,1
0,1,0,0,0,0,0,0,1,0,0,0,0,0,0,0
0,0,1,0,0,0,0,1,0,1,0,0,1,0,1,1
0,1,0,0,0,0,0,1,0,1,0,0,0,0,1,1
0,0,0,0,0,0,1,2,1,1,0,0,0,0,0,0
1,0,0,0,0,0,2,2,1,0,0,0,1,0,0,0
1,0,0,0,0,0,2,2,1,0,0,0,0,0,0,0
0,0,0,0,0,0,2,2,0,0,0,0,0,0,0,0
1,0,0,0,0,0,2,0,1,1,0,0,0,0,0,0
1,0,1,0,0,0,1,2,1,2,1,0,0,0,1,0
2,0,0,0,0,0,2,1,0,2,1,0,0,0,0,0
0,0,0,0,0,0,2,1,1,1,1,0,0,0,1,0
0,0,0,0,0,0,2,2,1,2,1,1,1,1,2,1
0,0,1,1,1,1,1,1,1,1,1,0,0,0,1,1
0,0,1,1,1,1,2,2,1,1,2,1,1,0,1,0
0,0,0,0,1,1,1,2,1,2,1,0,1,0,2,1
0,0,0,0,1,0,0,0,2,0,1,1,0,1,1,1
1,0,0,0,1,0,0,0,0,2,1,1,1,0,1,1
0,0,0,0,1,0,0,0,1,1,2,2,0,1,1,0
1,0,0,0,1,0,0,0,1,1,1,2,0,1,2,0
0,1,0,0,0,0,0,1,1,1,1,0,0,0,1,1
0,1,0,1,0,0,2,1,0,1,0,0,0,0,0,0
0,1,0,0,0,0,1,1,0,1,0,0,0,0,1,1
0,1,0,0,0,0,1,1,1,2,1,0,0,0,1,1
1,1,2,0,1,0,0,1,0,0,0,0,1,0,1,0
0,0,0,0,0,1,1,2,1,1,1,1,0,0,0,0
0,0,1,0,1,0,0,2,1,1,1,1,0,0,1,0
1,1,1,0,0,1,1,1,0,1,0,1,1,0,1,0
0,0,0,0,0,0,0,1,0,1,1,0,0,1,0,0
0,0,0,1,0,0,2,2,2,1,0,1,0,1,2,1
0,0,0,1,0,0,1,2,1,0,1,1,0,0,1,1
0,0,0,1,0,0,1,2,1,0,0,1,0,1,1,1
0,0,0,0,1,0,1,1,0,1,0,0,0,0,0,0
0,0,0,0,0,0,1,0,1,1,0,0,1,0,1,0
0,0,0,0,1,0,1,0,1,2,0,0,1,0,0,0
0,0,0,0,0,0,1,1,1,1,0,0,1,0,0,0
0,0,0,0,0,0,0,1,0,1,0,0,0,0,0,0
0,0,0,0,0,0,1,2,1,1,1,1,1,1,2,0
0,0,0,0,0,0,1,2,1,1,0,1,0,0,1,0
0,0,0,0,0,0,0,1,0,1,1,0,1,1,1,0
0,0,0,0,0,0,0,1,1,0,0,1,0,0,0,0
0,0,0,0,1,0,1,0,0,0,1,1,0,1,2,2
0,0,0,0,0,0,0,0,1,0,0,1,0,1,1,1
0,0,0,0,0,0,1,1,1,0,1,1,0,0,1,1
1,0,2,1,1,0,1,1,2,1,1,2,1,1,1,2
1,1,1,1,1,2,1,0,1,1,0,0,0,0,1,0
1,1,2,1,1,1,1,1,2,1,0,1,0,1,2,1
1,1,2,1,1,1,1,0,2,0,0,1,1,1,1,1
0,0,0,0,1,0,0,1,1,0,0,0,0,0,0,0
0,0,0,0,0,1,0,1,0,0,0,0,0,0,0,1
0,0,0,0,1,0,0,0,0,0,0,0,0,0,0,1
0,0,0,0,1,0,0,2,1,0,0,0,0,0,0,0
1,0,1,0,0,1,0,0,1,0,0,0,1,0,0,0
0,0,0,0,0,0,1,0,1,0,1,1,1,1,2,0
1,0,0,0,0,0,1,0,1,0,1,1,0,1,1,0
0,0,1,0,0,0,0,0,1,0,1,0,2,1,1,0
0,1,0,0,0,0,0,0,1,1,1,1,1,1,1,1
1,0,0,0,0,0,2,0,1,1,1,0,2,1,1,0
0,1,0,0,0,0,1,0,0,1,1,0,2,2,1,0
0,0,0,0,0,0,1,0,2,1,1,0,2,0,0,0
0,0,0,0,0,1,1,1,1,2,1,1,1,0,1,1
1,0,0,0,0,0,1,2,1,2,0,1,0,0,0,0
0,0,0,0,0,0,1,2,2,2,1,2,0,0,0,0
1,0,0,0,0,1,2,2,0,2,0,2,1,0,0,0
0,1,0,0,0,1,2,1,1,2,0,0,1,2,0,0
0,0,0,0,0,0,0,0,1,1,0,1,0,0,0,0
0,0,0,0,0,1,1,1,0,1,0,0,0,1,0,0
0,0,0,0,0,1,1,1,2,2,0,1,1,1,0,0
0,0,0,1,1,1,0,1,0,1,1,1,0,1,1,1
0,0,0,0,0,0,1,1,1,0,1,1,1,0,1,0
0,0,0,1,0,0,1,1,0,0,0,1,0,0,2,0
0,0,0,1,0,1,0,0,0,1,1,1,0,1,1,0
0,0,1,2,0,1,1,2,0,1,0,0,0,0,1,0
0,0,0,0,0,1,1,0,1,0,0,0,1,0,0,1
0,0,1,1,0,0,1,1,1,1,0,0,0,0,1,1
0,0,0,1,0,2,0,1,0,0,0,0,0,0,1,1
1,1,1,0,1,1,0,1,0,1,1,0,0,2,1,0
1,0,1,0,0,0,1,0,1,0,0,1,1,0,0,1
1,0,2,0,0,0,0,0,1,0,1,1,1,1,1,1
1,1,0,0,0,1,1,0,0,0,1,1,0,1,0,1
0,0,0,0,1,0,1,2,1,1,1,1,1,1,1,1
0,0,0,0,0,0,2,2,1,1,1,1,0,1,0,1
0,0,0,0,0,0,2,2,1,1,0,1,0,1,1,0
0,0,0,0,0,0,1,2,2,0,0,1,1,1,0,2
1,0,0,2,1,0,1,0,1,1,0,0,0,0,0,0
0,0,1,0,1,2,1,0,0,0,1,0,1,0,0,0
0,0,1,1,1,1,1,0,1,1,1,0,0,0,0,0
1,0,1,1,1,1,0,0,1,1,0,0,1,0,0,0
2,1,1,0,2,1,1,1,1,1,0,0,0,0,0,1
1,0,1,1,1,0,1,1,2,2,0,0,0,0,1,0
1,1,2,0,1,1,2,1,1,2,0,0,0,0,0,0
1,1,0,1,1,0,0,2,2,1,0,0,0,0,0,0
1,0,1,1,1,1,2,1,1,1,1,0,0,0,1,0
0,0,0,0,0,0,1,2,1,0,0,0,1,1,0,0
0,0,1,1,0,0,2,1,2,0,0,0,1,1,0,0
0,0,1,0,0,1,1,1,1,1,1,0,1,1,1,0
0,0,0,0,1,0,1,0,1,1,0,0,0,1,0,1
1,1,0,2,1,2,1,0,0,1,1,0,0,0,0,0
1,0,0,1,1,1,2,0,0,0,1,0,0,1,0,0
1,0,0,1,2,1,1,0,1,1,0,0,0,1,0,1
0,0,0,0,1,0,0,1,1,0,0,2,1,0,1,1
0,0,0,0,0,0,1,1,1,1,0,0,0,0,1,2
0,0,0,0,0,0,1,1,1,1,0,1,0,0,1,1
0,0,0,0,0,0,0,1,2,0,0,1,0,0,1,1
2,0,0,0,0,0,0,0,0,0,0,1,0,0,0,0
1,0,0,1,0,0,1,1,0,0,0,0,1,1,0,0
2,0,0,1,0,0,1,0,0,0,0,0,1,0,0,0
2,0,0,1,0,0,0,0,0,0,0,0,0,1,0,0
0,1,1,1,1,1,1,1,2,2,0,1,0,1,0,1
0,0,0,1,0,0,0,1,1,0,1,2,0,0,0,1
0,1,0,1,0,0,0,1,1,1,0,1,0,0,0,1
0,1,1,0,0,1,1,1,1,1,0,2,0,0,0,1
1,0,1,0,0,0,0,0,0,1,1,0,1,1,1,2
0,0,0,0,0,0,0,1,0,1,0,1,0,0,1,0
0,0,0,0,0,0,0,0,0,2,0,0,1,0,1,1
0,0,0,0,0,0,0,0,0,1,0,0,0,1,0,1
0,0,0,0,0,0,1,1,1,1,0,0,1,1,0,0
1,0,1,1,1,0,0,0,0,0,0,0,1,1,0,1
0,0,0,1,0,0,0,1,0,0,0,0,1,1,0,1
1,0,1,1,1,0,1,1,1,1,0,0,1,1,0,0
0,1,0,0,0,0,1,1,0,1,0,1,0,1,0,0
1,0,0,1,0,0,0,0,0,0,1,2,1,0,1,1
0,1,0,0,0,0,1,0,0,1,1,1,0,0,0,1
0,1,0,1,0,0,0,0,0,0,0,1,1,1,1,1
0,1,1,1,1,1,0,0,2,1,0,0,0,0,0,0
1,0,0,0,0,0,0,1,1,0,0,0,0,0,0,0
1,0,1,1,0,1,0,1,1,0,0,0,0,0,0,0
0,1,1,1,1,0,0,0,2,1,0,0,0,0,0,0
0,0,0,0,0,0,1,0,1,1,0,0,0,0,0,0
1,0,0,0,0,1,0,1,0,1,0,0,0,0,0,1
0,0,0,0,0,1,1,0,1,1,0,0,0,0,0,1
0,0,0,0,0,1,1,1,1,1,0,0,0,0,0,0
0,0,1,0,1,0,1,1,0,1,0,1,0,1,1,0
1,0,0,1,1,1,0,0,0,0,2,0,0,1,1,0
0,0,0,0,1,0,1,0,0,1,1,0,0,1,0,0
1,0,1,0,1,1,1,0,0,0,1,0,0,2,0,0
0,0,1,0,0,0,1,1,0,0,0,0,0,1,0,1
0,0,0,0,0,0,0,0,1,0,1,1,0,0,0,0
0,0,1,0,0,0,1,0,0,0,1,0,0,1,0,0
0,0,1,0,0,0,0,1,1,0,1,0,0,1,0,1
1,1,0,1,1,0,1,1,1,1,1,1,0,2,1,0
1,0,0,1,0,0,1,1,1,0,0,0,0,0,1,0
1,1,0,2,0,0,1,0,2,1,1,0,0,1,2,0
0,0,0,1,1,0,0,2,0,1,0,0,0,1,0,0
0,0,0,0,1,0,1,1,0,1,1,1,0,0,1,1
0,0,0,1,0,0,1,1,1,1,0,1,0,1,0,0
0,0,0,1,1,0,2,1,0,0,0,0,0,1,0,1
0,0,0,1,1,0,0,0,1,1,0,1,0,1,1,0
0,0,0,0,0,0,1,1,1,0,0,1,1,2,1,0
0,0,0,1,0,0,1,0,1,2,2,0,0,0,0,1
0,0,0,1,0,0,1,1,0,1,1,1,1,1,1,0
0,0,0,1,0,0,1,1,2,1,1,0,0,1,0,1
0,0,1,0,1,0,1,1,0,1,0,0,1,1,0,0
0,0,1,1,0,0,0,1,1,1,1,1,2,0,1,1
0,0,2,1,0,0,0,1,0,2,0,1,1,0,1,1
0,0,0,1,0,0,1,1,0,2,0,0,2,0,1,1
0,1,2,1,1,1,1,1,1,1,1,0,0,0,0,0
1,0,1,0,0,2,2,2,2,1,1,1,1,1,0,1
1,1,2,0,0,1,2,1,2,2,1,1,1,0,0,0
1,1,1,1,1,1,2,2,1,0,1,0,0,1,0,1
1,0,0,0,0,1,0,1,1,1,1,0,0,0,0,0
0,0,0,0,0,0,1,0,0,1,1,0,1,0,0,0
0,0,0,0,0,1,1,1,0,1,0,0,1,0,0,0
1,0,0,0,0,0,1,0,0,1,0,0,1,0,0,0
0,0,0,0,1,0,0,1,1,0,0,0,0,0,0,1
0,1,0,0,0,0,1,1,1,1,1,0,0,1,0,0
0,0,0,0,1,0,0,1,1,1,0,0,0,0,0,1
0,0,0,0,0,0,0,0,1,1,0,0,0,1,0,0
0,0,0,1,0,0,2,0,0,1,0,0,2,0,1,0
0,0,1,1,0,1,1,1,1,1,0,0,0,1,2,0
0,0,1,1,0,0,2,1,0,1,0,0,1,1,2,0
0,0,1,1,0,0,1,0,0,0,0,0,1,0,2,0
0,0,0,0,0,0,2,1,1,0,1,1,0,1,1,1
1,1,0,1,2,1,0,1,1,0,0,0,1,1,0,0
0,1,0,0,1,0,1,0,0,0,0,0,0,0,0,0
0,1,0,0,1,1,1,0,0,0,0,0,1,0,1,1
1,0,1,0,0,1,1,1,1,1,1,0,2,0,1,2
0,0,0,0,1,1,1,2,1,0,0,0,0,1,0,0
1,0,0,0,1,1,1,1,2,0,1,0,1,1,0,1
0,0,1,0,1,0,2,2,1,0,1,0,1,1,1,1
0,0,1,0,0,1,0,1,1,0,1,0,0,1,1,0
2,2,2,0,1,1,1,1,2,1,0,0,0,0,0,0
1,1,1,0,1,2,1,2,2,1,0,0,0,0,0,0
1,1,2,0,1,1,1,1,1,0,0,0,0,1,0,0
1,0,1,1,0,0,0,1,1,1,0,2,1,0,0,1
0,0,0,0,0,1,1,0,0,1,0,1,0,0,0,0
1,0,0,0,0,1,0,1,0,2,0,2,0,0,0,1
0,0,1,0,0,0,0,1,0,1,0,1,1,0,0,1
1,2,1,0,1,1,0,1,1,1,0,0,2,0,0,0
0,0,0,0,0,0,2,1,2,1,1,1,1,2,2,2
0,1,1,0,1,1,1,1,1,1,1,1,1,1,1,1
1,1,1,0,0,0,1,2,1,1,1,1,2,1,1,1
0,0,0,0,1,0,1,1,0,0,2,1,1,1,1,1
1,0,1,1,1,0,1,2,0,1,0,1,1,0,1,0
1,0,0,0,1,0,1,2,0,0,1,1,1,1,1,0
1,0,0,1,1,0,1,2,0,0,1,2,1,0,1,1
0,0,0,0,0,0,0,1,0,1,0,1,0,1,1,1
1,0,0,0,0,1,1,1,1,0,1,0,0,1,1,0
1,0,0,0,0,0,0,2,0,1,0,1,0,0,1,0
0,0,0,0,0,1,0,0,1,1,1,0,0,1,1,1
1,0,2,0,1,2,0,0,1,1,0,1,0,0,2,0
0,0,1,0,0,0,2,1,2,0,1,0,1,0,1,1
0,0,1,0,0,1,1,1,2,1,1,1,0,0,1,0
0,0,1,0,1,1,1,0,1,0,1,1,1,0,1,0
2,2,1,1,2,1,1,0,2,0,0,0,1,1,1,0
0,2,1,1,0,0,1,1,0,1,0,0,1,1,0,0
1,2,0,1,1,0,0,0,1,0,0,0,1,1,1,0
1,2,2,1,1,1,1,0,1,0,0,0,1,1,1,0
0,0,0,0,0,0,2,2,1,1,0,1,1,1,1,0
0,1,0,0,0,0,2,1,1,1,0,0,1,0,0,1
0,0,0,0,0,0,2,2,0,0,0,0,1,1,1,1
0,1,0,0,0,0,2,1,1,2,0,0,1,0,1,1
0,0,0,0,1,0,1,1,1,1,0,0,0,1,0,2
0,0,1,0,1,1,0,1,0,1,1,1,0,2,0,0
0,0,1,0,2,0,0,0,0,1,0,1,0,2,0,1
0,0,0,0,1,0,0,1,0,1,1,0,0,2,0,1
1,2,2,1,1,1,0,0,0,1,1,1,0,1,2,1
0,0,0,0,0,1,1,1,1,1,1,2,0,0,1,0
1,1,1,1,1,0,1,1,1,1,0,2,0,0,2,0
1,1,1,1,1,0,0,0,0,2,0,2,0,0,1,0
0,1,0,0,1,0,1,0,1,2,1,1,1,1,2,1
0,0,0,1,0,1,1,1,1,1,0,1,1,1,0,0
0,1,0,1,1,1,1,0,1,1,0,0,1,1,1,1
0,1,0,1,1,0,2,1,1,2,1,2,2,0,1,0
0,0,0,0,0,0,0,0,1,0,1,1,2,1,0,0
0,0,0,0,0,0,1,0,1,0,1,0,1,1,0,0
0,0,0,0,0,0,1,0,0,0,2,0,1,0,0,0
0,0,0,0,0,0,1,0,1,0,1,0,1,2,0,0
1,1,1,0,0,1,0,1,1,0,1,1,1,1,1,1
0,0,1,0,0,0,1,0,1,1,1,2,0,1,0,0
1,0,1,0,0,1,1,0,1,1,0,1,0,1,0,0
0,0,0,0,0,1,1,1,0,0,1,2,0,2,1,0
1,0,1,1,1,0,1,1,0,1,0,1,1,1,1,2
0,1,0,0,1,0,0,2,2,1,0,1,0,0,0,0
1,0,1,1,1,0,0,1,1,0,0,2,0,0,1,1
1,0,1,0,2,0,1,2,1,2,0,0,1,0,1,1
0,2,0,0,1,0,0,0,0,1,0,0,0,0,0,0
0,0,0,0,0,0,1,0,1,0,1,0,1,1,0,1
0,1,0,0,1,0,0,0,1,1,1,0,0,1,0,0
0,1,0,0,1,0,1,0,0,0,0,0,0,1,0,0
0,0,1,0,1,0,0,1,0,0,1,1,2,0,1,1
0,0,0,0,0,0,1,2,0,0,0,0,0,0,2,1
0,0,1,0,0,0,0,2,0,0,0,1,1,0,1,1
0,0,0,0,0,0,1,2,0,0,0,0,1,0,1,1
0,1,1,0,1,1,1,0,0,0,1,0,1,0,0,0
0,1,1,0,1,0,0,0,0,0,0,0,1,0,1,0
0,1,2,0,0,1,0,0,0,0,1,0,1,0,1,0
0,2,1,0,1,1,0,0,0,0,1,0,0,0,0,0
0,0,0,0,0,0,2,1,1,0,1,0,1,0,1,1
0,1,1,0,0,0,1,1,1,1,0,1,0,0,1,0
0,1,1,0,0,0,2,1,1,1,1,1,1,0,2,0
0,0,0,0,0,0,1,1,2,1,0,1,1,0,0,0
0,0,0,1,0,0,2,0,0,0,0,0,0,1,0,2
1,0,2,0,0,0,0,0,0,1,1,0,0,0,1,0
0,0,1,0,0,0,1,0,0,1,0,0,0,0,1,1
0,0,1,1,0,0,1,0,0,1,1,0,0,1,1,1
1,0,1,0,0,0,0,0,0,0,2,0,0,0,0,0
0,0,0,0,0,1,2,1,1,2,0,0,0,0,1,0
0,0,0,0,0,1,1,1,0,1,1,0,0,0,1,0
1,0,1,0,0,1,1,0,0,1,1,0,0,0,0,0
2,1,1,1,0,1,0,2,0,1,0,0,0,1,0,1
0,0,0,1,0,1,1,1,1,1,2,0,1,2,2,1
1,1,1,1,0,0,1,1,1,1,1,0,0,1,1,2
1,0,0,1,0,2,0,2,0,1,1,0,1,1,1,1
0,0,0,0,0,1,1,0,1,0,2,1,1,1,0,2
1,1,2,0,2,0,1,2,1,2,0,0,0,0,0,0
0,0,1,0,1,0,1,1,2,1,1,0,0,0,0,1
0,0,1,0,1,1,2,1,1,1,1,0,1,0,0,1
1,0,0,0,0,0,1,0,1,1,0,0,0,0,0,0
0,0,1,0,2,0,0,0,1,0,1,1,0,1,0,0
0,0,1,0,1,0,0,0,2,1,1,0,0,1,0,0
0,0,1,0,1,0,0,0,1,0,1,0,0,0,0,0
0,0,0,0,0,0,0,1,2,1,1,2,0,0,1,0
1,2,2,2,1,2,2,2,1,0,1,0,0,0,0,1
1,1,1,1,0,1,1,1,1,1,0,1,0,0,0,1
1,1,1,1,0,1,1,1,1,0,1,1,0,0,1,0
0,0,0,0,0,1,0,1,1,0,0,0,0,0,0,0
0,0,0,0,0,1,2,0,0,1,0,0,2,0,1,1
0,0,0,0,0,0,1,1,0,1,0,0,1,0,1,0
0,0,0,0,0,1,1,1,0,0,0,0,1,0,0,1
0,1,0,1,0,2,2,0,2,1,0,0,1,0,0,0
1,1,1,1,1,1,1,1,0,0,0,1,2,1,1,0
1,0,1,1,0,2,1,0,1,0,0,0,1,0,1,0
0,0,0,1,0,2,2,1,1,1,0,0,1,0,0,0
1,0,1,1,1,1,0,1,0,0,1,0,0,0,0,0
0,0,1,0,0,1,0,2,1,2,1,0,0,0,1,0
0,0,2,1,0,2,0,1,1,1,2,0,0,0,0,0
0,0,2,1,0,2,0,1,0,1,2,0,0,0,0,0
0,0,1,1,1,0,2,1,1,0,0,0,0,1,0,0
0,1,0,0,0,0,0,0,0,1,1,0,0,0,0,0
0,0,0,0,0,0,1,1,1,1,1,0,0,0,0,0
0,1,0,1,1,0,1,0,1,1,0,0,0,1,0,0
0,0,0,1,0,2,0,0,1,1,2,2,1,1,2,2
1,0,0,1,1,1,0,0,0,1,1,1,1,2,2,1
0,0,0,0,1,1,0,0,0,2,1,1,0,2,2,2
0,0,0,2,1,1,0,0,0,1,2,2,2,1,2,2
1,0,0,0,0,0,1,0,0,1,1,2,1,1,2,1
0,1,0,1,0,0,0,1,1,2,0,1,0,0,0,1
1,1,0,1,0,0,1,1,1,2,1,2,1,1,1,1
0,1,0,1,0,0,0,1,0,2,0,2,0,0,1,1
1,2,1,1,1,1,2,1,0,1,0,0,0,0,0,1
1,1,0,0,1,0,1,1,1,1,0,1,2,0,1,1
2,1,1,1,1,0,1,0,1,0,0,1,1,0,1,1
0,1,0,0,1,0,1,1,1,2,0,1,1,0,0,0
0,0,1,0,0,0,1,1,1,1,0,0,0,0,1,0
1,0,0,1,0,0,1,0,0,1,0,0,0,0,0,0
0,0,0,1,0,0,0,1,0,1,0,0,0,0,0,0
1,0,0,0,0,0,2,0,0,1,0,0,0,0,1,0
1,1,1,0,1,0,0,0,0,1,0,1,1,1,1,0
1,0,1,0,1,2,1,1,1,2,1,0,1,0,0,1
2,0,0,0,1,1,1,1,0,2,0,0,0,0,0,0
1,1,1,0,0,1,1,1,1,2,0,1,1,1,1,1
0,1,1,0,1,1,1,2,1,0,0,0,0,0,1,0
0,0,0,0,0,0,1,0,0,0,0,0,0,0,2,1
0,1,0,0,1,0,1,1,0,0,0,0,0,0,1,1
0,1,0,0,1,0,2,1,0,0,0,0,0,0,1,0
0,0,0,0,0,0,1,1,0,0,1,1,1,0,0,0
0,0,0,0,0,0,1,1,2,1,0,1,2,1,0,0
0,0,0,0,0,0,1,1,1,1,1,0,1,1,0,0
0,0,0,0,0,0,0,1,1,0,1,2,2,0,0,0
0,0,1,0,0,0,1,0,0,1,0,0,1,0,0,1
0,0,0,0,0,0,1,0,2,1,0,1,2,0,1,1
0,0,1,0,0,0,1,0,1,2,0,1,1,0,1,2
0,0,1,0,0,0,1,0,1,2,0,1,2,0,0,1
0,0,0,0,0,1,0,0,1,1,0,0,0,0,1,0
0,1,0,0,0,1,1,1,1,2,0,0,0,0,0,1
0,0,0,0,0,2,1,0,0,1,0,0,0,0,0,0
0,1,0,0,0,1,0,1,1,1,0,0,0,0,0,1
1,0,1,1,2,0,0,0,1,0,0,1,1,1,0,1
0,1,1,1,1,1,1,2,0,0,0,1,0,0,0,0
1,1,2,1,2,0,0,1,1,0,0,2,1,0,0,1
1,1,2,0,1,0,1,1,0,0,0,1,0,0,0,1
0,0,0,0,0,0,1,0,1,1,0,1,1,1,1,1
0,0,0,0,0,0,0,0,0,0,1,0,0,0,0,0
0,0,0,0,0,0,1,0,0,1,1,0,1,1,1,0
0,0,0,0,0,0,0,0,1,0,0,0,1,0,1,1
2,1,0,0,0,0,0,1,0,0,0,2,1,0,0,1
0,0,0,0,0,0,1,0,0,0,1,0,0,0,1,1
1,1,0,0,0,0,0,1,0,0,1,1,0,0,1,1
1,0,0,0,0,0,0,1,0,0,1,1,1,0,1,2
0,0,1,0,0,0,1,0,1,1,1,1,1,2,1,1
0,0,0,0,0,0,1,1,0,2,0,0,1,1,0,1
0,0,1,0,0,0,1,0,0,2,0,1,1,1,0,1
0,0,1,0,0,0,2,0,0,1,0,0,1,2,1,1
0,0,1,0,1,1,2,2,2,2,1,1,1,2,1,0
0,0,0,0,0,0,2,0,2,0,1,0,1,1,1,0
0,0,1,0,1,0,2,1,2,1,2,1,2,1,1,0
0,0,0,0,0,0,2,1,2,1,0,1,2,1,1,0
0,1,0,0,1,0,2,2,2,1,0,0,1,0,0,0
1,1,1,1,2,1,0,1,0,0,2,1,1,0,1,2
1,1,1,1,2,1,1,2,1,0,1,1,1,0,0,1
1,1,1,0,2,1,1,1,1,0,1,1,1,0,1,1
0,0,1,1,1,0,1,1,2,1,0,0,0,0,1,2
1,0,0,0,0,2,1,2,0,1,1,2,0,1,1,0
0,0,1,1,0,1,2,1,1,1,0,1,0,0,1,1
0,0,1,1,0,1,2,2,1,2,0,1,0,1,0,1
1,1,0,0,0,0,0,0,1,2,0,0,0,0,0,0
1,1,0,0,0,0,2,1,1,1,2,2,0,1,1,0
2,2,0,0,0,0,1,0,1,2,1,1,0,1,0,0
0,0,0,0,0,0,1,1,1,2,1,1,0,1,0,0
1,1,1,1,1,0,0,0,1,1,0,0,0,0,0,0
1,0,0,0,0,0,2,1,1,1,2,1,1,1,1,1
1,0,0,0,1,0,1,0,1,0,1,1,0,0,1,0
1,1,1,1,0,0,1,1,1,1,1,0,1,0,0,0
1,0,0,1,1,1,0,1,1,1,1,0,1,0,0,0
0,1,1,0,1,1,1,0,1,0,0,0,0,1,0,0
0,1,1,0,1,2,0,1,1,1,0,0,1,0,0,0
0,1,1,0,0,0,1,1,1,0,1,0,1,0,0,0
0,0,1,1,0,0,0,1,0,0,1,1,0,2,1,0
1,0,0,1,0,1,1,1,0,0,0,0,1,0,1,1
0,0,1,1,0,1,1,1,0,0,0,0,1,1,0,1
0,0,0,0,0,0,1,1,0,0,0,0,0,1,0,0
1,0,0,1,1,0,2,2,1,2,0,0,2,0,0,0
1,0,2,1,0,2,2,0,0,1,1,1,1,0,0,1
0,0,1,1,1,1,2,1,0,2,1,0,2,0,0,1
0,0,1,0,1,1,2,1,1,1,0,0,2,0,0,0
0,0,0,0,0,0,1,0,1,1,1,0,0,0,0,0
1,0,0,2,0,1,1,2,1,1,0,0,0,1,0,0
0,0,0,1,0,1,2,1,2,0,0,0,0,0,0,0
0,0,0,1,0,0,2,1,1,1,1,0,0,1,0,0
1,1,0,0,1,1,1,1,0,1,0,0,0,1,0,0
1,0,1,0,0,1,1,2,1,1,2,1,0,2,1,0
1,0,0,0,0,1,1,2,0,1,1,1,0,2,0,0
0,0,1,0,1,2,1,2,1,1,1,1,0,1,0,0
0,0,2,1,0,1,0,1,0,2,0,2,1,1,2,1
1,1,0,1,0,0,2,1,0,0,0,0,1,1,1,0
1,1,1,1,0,0,1,0,0,1,0,1,2,1,1,0
1,1,1,2,0,1,1,1,0,1,0,1,1,0,1,1
0,1,0,0,0,1,1,0,0,1,0,0,0,0,0,1
0,0,1,0,0,0,1,2,1,1,1,1,1,1,2,1
0,1,0,0,0,0,2,1,1,0,0,1,0,1,1,0
0,0,1,0,0,1,0,1,0,1,1,0,0,0,1,0
1,2,1,1,1,1,1,1,1,2,0,0,1,0,1,1
0,0,0,0,0,0,0,2,0,1,0,0,0,0,0,0
1,1,0,1,0,0,1,1,0,2,0,0,0,0,1,1
0,1,1,1,1,0,0,2,0,2,0,0,0,0,0,1
1,0,1,0,2,1,1,2,1,2,0,0,0,1,0,0
1,0,0,1,0,1,1,1,1,2,0,0,0,1,1,1
1,0,1,0,1,1,1,2,1,2,0,0,0,1,1,0
2,0,1,0,1,2,0,1,2,2,0,0,0,0,1,0
0,0,1,1,0,0,1,0,1,0,1,2,1,2,0,0
2,1,2,1,1,0,1,1,0,1,0,0,0,0,0,0
1,0,1,1,0,0,1,1,1,0,1,1,1,1,0,0
1,0,1,1,1,0,0,0,1,0,0,1,0,1,0,0
1,0,0,1,1,0,1,1,1,2,0,0,1,1,1,1
0,0,1,1,0,0,1,0,2,0,0,1,0,0,1,0
0,0,0,1,0,0,2,0,2,1,0,1,1,1,2,0
1,0,1,1,1,0,1,0,1,1,0,1,0,1,0,0
0,0,1,0,0,0,0,1,1,2,1,1,1,1,1,1
1,2,2,2,2,1,1,2,1,1,1,0,1,1,1,1
0,1,2,1,1,0,1,1,1,2,0,1,1,1,1,1
0,1,1,1,1,1,0,1,2,2,0,0,0,1,1,0
2,1,1,1,1,1,0,0,0,1,0,2,1,0,2,1
0,0,0,0,0,0,0,0,1,1,0,0,0,0,0,0
1,1,1,0,0,0,0,0,0,0,0,1,0,0,1,1
1,1,1,1,1,1,0,0,1,1,0,1,0,0,1,0
0,1,0,0,0,0,1,1,2,1,0,1,0,1,1,1
0,0,0,0,1,1,1,1,2,1,1,0,0,1,1,0
0,1,0,0,1,0,1,1,2,1,0,1,0,1,2,0
0,1,0,0,1,1,0,1,2,2,1,0,0,0,0,1
1,0,0,1,0,1,1,1,0,1,1,1,1,1,0,0
0,0,0,0,0,0,0,0,0,0,0,1,0,0,1,0
0,0,0,0,0,0,0,1,0,1,1,2,1,1,1,0
0,0,0,1,0,1,1,0,0,1,1,2,0,1,1,0
1,0,0,0,0,0,2,2,2,2,0,0,1,1,0,0
0,0,0,1,0,0,1,1,0,1,0,0,0,1,0,1
0,0,0,1,0,0,2,2,1,1,0,0,0,1,0,0
0,0,0,1,0,0,2,2,1,2,0,0,1,2,0,1
0,0,0,0,1,0,1,0,1,1,0,1,0,0,1,1
1,1,1,1,1,1,1,0,0,1,0,1,1,1,2,0
1,0,1,1,0,1,0,0,1,1,0,2,1,0,1,1
0,1,0,1,1,0,2,0,1,1,0,2,1,1,1,1
1,0,1,1,1,1,1,0,1,0,1,2,1,1,2,1
1,1,1,0,0,1,1,1,1,2,0,1,1,0,2,1
0,0,2,0,1,0,0,0,1,1,1,2,2,0,2,1
1,0,1,0,0,0,1,0,1,1,0,1,1,1,2,2
1,0,0,0,0,0,0,0,1,1,0,1,0,1,0,0
0,0,0,0,0,0,0,1,1,0,0,1,2,1,0,1
1,0,0,0,0,0,0,0,0,0,0,2,1,1,0,0
1,0,0,0,0,0,0,1,1,1,0,1,1,0,0,1
1,0,1,0,0,0,1,0,1,2,1,1,0,0,0,1
0,1,1,1,1,1,0,1,0,1,0,0,1,0,0,0
0,1,0,1,0,1,1,1,1,1,1,1,0,0,0,0
1,1,2,1,1,1,1,0,0,2,1,1,1,0,0,1
0,1,0,0,0,1,0,0,0,1,1,1,0,1,1,1
0,1,0,1,1,0,1,1,1,0,1,1,1,0,0,2
0,0,0,0,0,1,0,1,0,0,1,0,1,1,0,2
0,2,0,0,0,0,1,1,1,0,1,2,0,1,0,2
0,0,1,2,1,1,1,0,0,1,0,0,1,0,1,0
0,2,1,1,0,0,1,2,0,1,1,1,2,1,1,0
0,1,1,1,1,0,1,1,0,2,1,1,1,1,0,0
0,1,0,1,0,0,0,1,0,2,0,0,1,0,2,0
0,0,0,1,0,0,0,0,0,0,2,0,1,1,1,2
0,0,0,0,0,1,0,0,0,1,1,0,0,0,1,0
0,0,0,1,0,0,0,0,0,1,2,0,0,1,0,1
0,0,0,1,0,0,0,0,0,0,1,0,1,1,1,1
0,0,0,1,1,0,0,1,0,0,0,0,1,2,0,0
2,0,1,1,0,1,1,1,0,2,1,1,1,1,1,1
1,0,1,1,1,1,0,1,0,1,1,0,0,1,1,1
1,0,0,1,1,1,1,0,0,1,0,0,0,2,1,1
0,1,0,1,0,1,2,0,1,1,1,0,0,1,1,0
1,1,0,1,0,1,0,2,0,1,1,0,1,0,1,0
1,0,0,0,0,0,1,1,0,1,2,0,1,0,1,0
1,1,0,1,0,1,1,1,1,1,2,0,1,0,1,0
1,1,1,1,0,0,2,1,0,0,1,0,0,2,2,0
0,0,0,0,0,0,1,1,1,0,0,1,0,0,1,1
0,1,0,1,0,0,1,0,1,0,0,0,0,1,2,1
0,1,0,1,0,0,1,1,0,0,0,0,0,1,1,1
0,0,0,1,1,0,2,1,1,1,0,0,0,0,0,0
1,1,0,1,1,1,0,2,1,1,0,0,0,2,0,0
1,1,0,0,1,0,1,1,1,1,0,0,0,1,0,0
0,1,0,1,0,0,1,2,0,2,0,0,0,1,0,0
0,1,0,0,0,0,1,0,0,0,0,0,0,0,1,0
1,0,0,1,0,2,1,1,1,0,0,1,0,0,0,0
1,1,0,0,0,1,0,1,1,0,0,0,0,0,1,0
1,0,0,1,0,1,1,1,1,0,0,1,0,0,0,0
1,0,0,0,0,0,1,0,1,1,0,2,0,1,2,0
1,1,0,1,1,0,2,1,1,1,0,0,1,1,1,1
1,1,0,1,1,0,1,0,0,0,0,1,1,0,1,1
0,1,0,1,1,0,2,0,0,0,0,1,1,0,2,0
0,0,1,0,1,1,1,2,0,1,0,0,0,2,1,0
1,1,1,1,0,0,2,0,1,2,0,0,0,0,0,0
0,1,0,1,1,1,2,1,1,1,0,0,0,1,1,0
1,0,1,1,1,0,2,1,0,2,0,0,0,1,0,0
0,0,0,0,0,0,1,2,2,2,0,0,1,0,1,1
0,0,1,0,0,0,0,1,1,1,0,1,1,0,0,1
0,0,1,0,0,0,0,2,2,1,0,0,2,0,0,0
0,0,0,0,0,0,1,1,2,2,0,1,0,0,0,2
1,0,0,0,0,0,2,1,2,2,1,0,0,1,0,0
0,0,0,0,0,0,0,0,0,0,0,1,2,0,1,2
0,0,0,0,0,0,1,0,1,1,0,1,1,1,1,1
0,0,0,0,0,0,1,1,1,1,1,1,1,0,0,1
0,0,1,0,0,0,1,0,0,0,0,0,1,0,0,0
0,0,1,1,0,0,1,1,1,0,1,1,1,0,1,0
0,0,1,0,0,0,1,0,0,0,1,1,2,0,1,0
0,0,1,1,0,0,1,1,0,0,1,1,1,0,1,0
0,0,1,0,1,1,2,1,2,1,1,1,1,0,0,1
0,0,0,0,0,1,1,1,0,2,0,0,0,0,1,0
0,0,1,0,1,0,1,0,1,2,1,0,1,0,0,0
0,0,1,0,0,2,1,2,1,1,0,0,0,0,1,1
0,0,0,0,0,0,0,0,0,1,0,0,0,0,0,0
0,0,0,0,0,0,0,1,1,0,1,0,1,0,0,0
0,0,0,0,0,0,0,1,1,0,1,0,0,0,0,0
0,0,0,0,0,0,0,0,1,0,1,0,1,0,0,0
0,1,0,0,0,0,0,1,1,1,0,0,0,0,0,0
0,0,0,0,0,0,1,0,1,1,1,1,0,1,1,1
0,0,0,0,0,0,1,1,0,2,1,0,0,1,0,0
0,1,0,0,0,0,1,1,1,1,1,1,0,1,0,1
0,0,0,0,0,0,0,0,2,1,1,0,0,0,0,2
1,1,0,0,2,1,1,1,0,1,0,1,0,1,1,1
0,0,0,0,1,0,1,0,1,0,0,1,0,0,1,2
0,0,0,0,1,1,1,0,1,1,1,0,0,0,1,2
1,0,1,0,1,2,1,0,0,0,1,0,0,0,0,0
0,0,0,0,0,0,1,1,0,1,0,1,0,0,0,0
0,0,1,0,1,1,1,1,0,0,1,1,0,0,0,0
1,0,0,0,1,1,1,0,0,1,0,0,0,0,0,0
0,0,0,0,0,0,0,1,1,1,0,0,1,0,0,1
0,0,0,0,0,0,2,1,1,2,0,0,0,1,0,0
0,0,0,0,0,0,1,0,2,1,0,0,1,1,0,1
0,0,0,0,0,0,1,1,2,1,0,0,1,0,0,0
1,0,0,1,2,1,1,0,1,1,0,0,1,0,1,2
1,0,1,0,1,0,2,1,0,1,0,0,1,0,1,1
2,0,0,1,1,0,2,1,1,1,0,0,1,0,0,1
0,0,1,1,2,1,1,1,0,0,0,0,2,0,1,1
0,0,0,0,0,0,0,1,0,1,0,0,0,0,0,0
1,0,0,0,0,0,0,2,1,2,1,0,0,1,1,0
0,0,0,0,0,0,0,2,0,2,0,0,0,0,1,0
0,0,0,0,0,0,0,2,0,2,1,0,0,0,0,0
1,1,1,1,1,1,1,1,1,2,1,1,1,1,2,2
0,1,0,0,0,0,0,1,1,1,0,0,0,1,0,1
1,1,0,0,1,1,1,0,2,2,0,1,1,1,1,2
1,1,0,0,1,0,0,1,1,1,0,0,0,1,1,1
0,0,0,0,0,0,1,1,1,1,0,0,0,1,1,0
0,0,0,1,0,0,1,1,1,1,1,1,1,0,1,1
0,0,0,0,0,0,2,2,1,1,1,1,0,0,1,1
0,0,0,1,0,0,1,2,1,2,0,1,1,0,1,0
0,2,1,0,0,1,0,1,1,1,0,0,1,0,0,0
0,2,0,1,1,0,1,0,0,1,2,1,1,1,0,1
0,2,0,1,0,1,0,1,1,2,1,0,1,1,0,1
0,2,0,0,1,0,1,1,0,1,1,0,1,1,0,0
1,0,1,1,0,0,1,1,1,1,0,0,0,0,0,0
1,2,0,1,1,1,0,0,0,1,1,1,2,1,1,1
1,1,0,2,0,1,1,1,1,2,0,0,1,0,0,0
1,1,1,2,1,1,0,0,0,1,1,1,1,0,1,0
1,1,1,1,1,2,0,1,0,1,0,0,0,0,0,0
0,1,1,1,1,1,1,2,2,2,1,0,0,1,0,1
1,0,2,1,1,2,1,1,1,2,0,0,0,0,0,1
1,1,1,0,0,2,0,2,1,2,1,0,0,0,0,1
0,0,0,0,0,1,1,1,1,1,2,1,2,0,1,2
1,1,1,1,0,1,1,1,0,0,0,1,0,0,1,0
0,1,0,1,0,1,2,1,0,0,1,1,1,0,1,1
0,0,1,0,0,2,2,2,1,1,1,1,1,0,2,1
0,1,0,0,0,0,0,0,0,0,0,0,0,0,1,1
1,0,0,0,1,0,1,1,0,0,1,0,1,0,0,0
1,0,0,0,0,0,0,1,0,0,0,0,0,0,1,0
1,0,0,0,0,0,0,1,0,0,0,0,1,0,0,1
0,0,0,0,0,0,1,1,2,0,1,1,0,0,0,2
0,0,0,0,0,0,1,1,0,0,0,0,0,1,0,1
0,0,0,0,0,0,1,0,1,0,0,0,0,0,0,2
0,0,0,0,0,0,1,0,1,0,0,0,0,0,0,1
1,1,0,0,0,1,0,0,1,0,0,0,0,0,0,0
0,1,1,0,1,0,1,1,1,1,0,0,1,0,0,0
0,1,0,0,0,0,0,0,2,0,0,0,0,0,0,0
0,0,1,0,0,1,0,0,1,0,0,0,0,0,0,0
1,2,0,1,1,0,1,1,1,2,1,1,0,2,2,1
0,0,0,0,0,0,0,1,2,2,1,1,1,0,1,0
0,1,0,1,1,0,0,2,1,2,1,0,1,1,2,1
0,1,0,0,1,0,0,1,1,2,1,0,1,1,1,1
0,1,0,1,1,0,0,2,2,0,0,0,0,0,0,0
0,0,1,0,0,1,2,1,2,1,2,1,0,1,1,1
0,1,1,0,1,0,1,2,2,1,1,0,0,1,0,1
0,1,1,1,1,0,1,1,2,1,1,0,0,0,1,1
1,1,1,0,2,0,1,0,1,0,2,1,0,0,1,0
1,1,0,1,0,0,1,0,1,0,0,1,0,0,0,0
1,1,0,0,1,0,0,0,2,0,1,0,0,0,0,0
2,2,1,1,1,0,1,0,2,0,1,1,0,0,1,0
1,1,1,1,0,1,0,1,1,2,0,0,0,0,0,0
0,0,1,0,0,0,1,1,0,0,0,0,0,0,0,0
0,1,0,1,0,1,1,2,1,1,0,0,0,0,0,0
0,1,1,1,0,0,1,1,0,1,0,0,0,0,0,0
1,0,0,1,1,0,1,1,1,1,0,1,1,1,2,2
1,0,0,0,1,0,1,1,0,2,0,1,1,0,1,0
2,0,0,0,1,0,1,2,1,1,0,2,1,0,2,1
1,0,0,0,0,0,1,2,0,2,0,0,1,0,1,1
1,0,1,1,0,1,2,1,0,1,0,0,1,0,0,1
1,1,1,0,1,1,1,1,1,0,0,2,0,0,1,0
0,0,1,1,0,0,2,1,1,0,0,1,1,0,0,1
0,0,1,0,0,0,1,1,0,1,0,1,1,0,0,0
0,1,1,0,0,0,1,0,1,0,0,0,0,0,0,0
0,1,0,0,0,0,1,0,2,0,1,1,0,0,1,0
0,1,0,0,0,0,0,0,2,0,0,1,0,0,1,0
0,2,0,0,0,0,0,0,2,0,1,1,0,0,0,0
1,1,0,1,1,1,0,0,1,0,0,0,0,0,0,0
1,0,1,1,1,1,1,1,0,2,1,0,0,1,0,0
1,1,1,2,2,1,0,1,1,1,0,0,0,0,0,0
1,0,0,0,0,1,0,0,0,1,1,0,0,1,0,0
0,1,0,1,0,0,0,0,1,1,0,1,0,1,1,1
0,1,0,0,0,1,0,2,1,1,1,2,0,0,1,1
0,0,0,1,0,1,0,1,1,1,1,1,0,1,1,1
0,0,0,1,0,1,0,1,1,1,0,2,0,0,1,1
0,0,0,0,0,0,0,1,1,1,1,1,0,2,0,0
2,0,1,0,0,1,1,1,1,2,0,0,0,0,0,0
1,0,0,0,0,0,0,1,1,2,0,0,0,1,0,0
1,0,0,0,0,1,0,1,2,2,1,0,0,1,0,0
0,0,0,1,0,0,2,2,1,1,2,2,2,2,1,1
0,1,1,0,0,1,1,1,0,0,0,0,0,1,1,0
0,0,0,1,0,1,1,1,0,1,1,1,1,1,0,1
0,0,0,1,0,0,1,2,0,1,1,1,1,1,0,1
1,0,0,1,2,1,1,0,1,0,1,0,1,1,1,1
0,0,0,1,0,1,1,0,0,0,0,0,0,1,0,1
0,0,0,2,1,2,2,0,1,0,1,0,0,1,1,2
1,0,0,2,1,0,2,0,1,0,0,0,1,1,1,1
1,1,0,0,0,1,1,1,2,2,2,1,1,2,2,1
1,1,0,1,0,1,1,1,1,1,1,1,2,1,0,0
0,1,0,1,0,1,0,0,1,1,2,2,2,1,1,0
2,2,0,1,0,0,1,1,2,1,2,0,1,1,1,1
0,0,0,0,0,0,2,2,1,1,0,0,1,0,1,0
0,1,1,1,0,1,1,1,0,1,2,1,0,1,0,0
0,1,1,0,0,0,2,1,1,1,1,0,0,0,0,0
0,1,0,0,0,0,1,2,1,0,1,1,0,0,0,0
0,0,1,0,0,0,1,1,0,1,0,1,1,2,1,0
0,1,0,0,0,0,0,2,2,1,0,0,1,0,0,1
0,1,1,0,0,0,0,2,1,1,0,1,0,1,1,1
0,0,1,0,0,0,1,1,1,2,0,1,1,1,1,0
0,0,0,0,0,2,1,0,0,1,0,1,2,1,0,0
0,0,0,0,0,0,1,1,1,1,1,0,0,0,0,0
0,0,0,0,0,1,1,0,1,1,0,0,1,1,0,0
0,0,0,0,0,1,2,0,1,2,1,1,1,1,0,0
0,0,1,0,1,0,0,0,1,1,0,1,1,2,1,1
1,1,1,2,1,1,1,0,0,2,0,0,1,0,0,0
1,0,1,1,1,1,1,0,0,1,0,0,1,1,1,1
0,1,1,1,1,0,0,0,0,2,0,0,0,1,1,0
1,1,2,0,1,2,1,2,1,0,1,0,1,1,1,0
0,0,0,0,0,1,1,1,0,1,1,2,1,2,1,2
0,0,1,0,0,1,2,2,0,1,1,1,2,2,1,1
1,0,1,0,1,1,2,2,0,0,1,1,2,2,2,1
0,0,0,0,0,1,1,1,1,0,1,1,1,1,0,0
0,0,1,0,0,0,1,1,1,2,0,0,0,0,0,0
0,0,1,0,0,0,1,0,0,1,0,1,0,0,0,0
0,0,1,0,0,1,1,0,2,1,0,0,1,1,0,0
0,0,0,1,0,0,1,1,1,1,0,0,1,1,0,0
1,1,0,0,1,1,1,0,0,2,1,1,1,0,1,2
1,1,0,0,1,0,1,0,1,2,0,1,1,1,0,1
1,0,0,1,1,0,1,1,0,2,0,0,1,1,1,1
0,0,0,0,0,1,2,2,2,2,0,1,1,0,0,1
1,0,0,0,0,0,1,1,1,1,0,0,1,0,0,0
0,0,0,0,0,1,2,2,2,1,0,0,0,0,0,0
1,0,0,0,0,0,1,1,1,2,0,1,2,0,0,1
0,0,1,0,0,0,0,0,1,0,0,1,1,0,1,1
0,1,0,0,1,0,2,2,1,2,0,0,0,0,0,0
0,1,0,0,0,0,1,1,0,1,0,1,0,0,1,1
0,0,0,0,0,0,1,1,1,1,0,1,0,0,1,1
0,2,1,1,1,1,1,0,1,1,0,0,0,0,0,0
2,1,2,1,1,1,1,1,1,1,0,0,0,1,1,1
1,2,1,2,1,1,1,1,1,2,0,0,0,1,0,0
1,2,1,0,0,1,1,0,1,2,0,0,0,1,0,1
0,0,1,0,0,0,1,2,1,0,1,1,1,1,1,0
0,0,0,2,0,1,1,0,0,0,0,0,0,0,1,0
0,0,0,1,0,0,1,1,0,0,0,0,1,0,0,0
0,0,1,1,0,0,0,1,1,0,1,0,1,1,2,0
1,1,1,1,0,0,0,1,1,1,0,0,0,1,1,1
0,0,1,0,0,0,1,0,1,1,0,1,0,1,0,0
0,1,2,0,0,0,0,1,1,0,0,0,0,0,1,1
0,0,0,0,0,0,1,0,2,1,0,0,0,0,0,0
0,0,0,0,0,0,2,1,1,1,0,1,0,0,1,0
1,0,1,0,1,1,1,1,2,2,0,1,0,0,0,0
0,0,1,0,0,0,1,2,2,2,0,1,0,0,1,0
0,0,1,0,0,0,1,2,2,2,0,1,0,0,1,0
0,0,0,1,1,0,1,2,1,1,0,0,1,0,0,1
0,0,0,0,0,0,2,1,1,1,2,1,1,0,1,0
0,0,0,0,1,0,1,2,2,2,1,0,0,0,1,0
0,0,0,1,1,0,2,1,0,1,1,1,1,0,1,1
0,1,1,1,1,1,1,1,1,1,1,1,1,1,1,1
2,0,1,0,0,0,0,1,1,0,0,0,1,1,0,0
1,1,1,1,0,1,0,1,1,1,0,0,2,1,1,1
1,0,1,0,0,1,1,2,2,1,0,1,0,1,1,1
0,0,0,1,0,0,0,0,0,0,0,0,1,1,0,1
0,0,1,1,1,1,1,1,1,2,0,1,1,0,0,0
0,0,1,1,1,0,0,0,0,1,0,0,1,1,0,0
0,0,1,1,0,0,0,1,1,1,0,1,2,0,0,0
0,0,0,0,1,0,1,1,1,1,0,0,0,0,1,0
0,1,0,1,0,1,0,0,1,1,0,1,1,1,1,0
0,0,0,1,1,0,1,0,0,2,0,0,1,0,0,0
0,0,0,0,0,0,1,1,0,1,0,0,1,1,2,0
0,0,1,0,0,0,1,0,0,1,0,0,0,0,0,0
1,1,2,1,1,2,2,0,1,1,0,1,0,0,1,0
1,0,1,0,1,1,2,0,0,1,0,1,0,0,1,0
0,0,1,1,1,1,1,0,0,2,0,0,0,0,1,0
0,0,0,0,0,1,0,1,1,1,0,0,1,2,2,1
0,1,0,1,0,0,1,1,1,1,0,0,1,1,1,0
0,1,0,1,0,0,1,1,2,1,0,0,1,2,1,1
0,1,0,1,0,1,0,1,1,0,0,0,1,1,2,1
1,0,0,1,0,0,1,1,2,0,0,0,1,0,0,1
0,0,0,0,0,0,1,1,1,1,1,1,0,1,1,1
0,0,0,0,0,0,2,0,2,1,1,0,1,0,0,1
1,0,0,1,0,0,1,0,1,0,1,1,1,1,1,0
1,0,0,1,0,0,0,0,0,0,1,1,2,0,0,0
0,0,0,0,0,0,1,0,1,1,1,1,1,0,1,0
0,0,0,0,0,0,1,0,0,0,1,0,1,0,0,0
0,0,0,1,0,0,1,0,1,0,0,2,1,0,1,0
1,1,1,1,0,0,1,1,1,0,0,0,0,1,0,0
0,1,0,0,0,1,2,0,1,1,1,0,0,0,0,0
1,1,0,0,0,1,1,1,1,0,1,0,0,1,0,0
0,1,1,0,0,1,1,0,1,1,1,0,0,0,0,0
0,0,1,1,1,1,1,0,0,0,0,2,2,0,0,0
0,0,0,0,0,0,0,1,0,1,0,0,0,0,1,1
0,0,1,0,1,1,0,1,0,0,0,1,1,0,0,0
0,0,0,0,1,0,0,0,0,0,0,1,1,0,1,1
0,0,1,1,1,0,1,0,0,0,1,0,1,1,2,0
0,0,1,0,0,0,2,2,2,2,0,1,2,0,0,0
0,0,2,1,1,0,2,1,1,1,1,0,2,0,1,0
0,0,2,0,0,0,1,1,1,1,0,0,2,0,1,0
1,2,1,0,1,2,1,1,1,1,1,0,1,2,1,0
1,0,0,0,1,0,1,0,0,1,0,0,1,0,1,1
0,1,0,0,2,1,0,1,1,2,1,0,0,1,0,0
2,1,1,0,2,1,0,1,0,2,0,0,1,1,0,0
1,0,0,1,0,1,1,1,1,1,1,2,1,1,1,1
0,0,0,0,0,0,2,1,1,1,0,0,0,1,0,0
1,0,0,0,0,0,1,1,1,2,1,1,1,1,0,1
1,0,0,1,0,0,2,1,1,2,1,1,1,0,1,0
0,2,1,0,0,1,1,1,1,1,0,1,0,1,1,0
0,1,0,0,0,0,1,0,0,0,1,1,1,1,1,0
0,2,0,0,0,1,1,0,1,0,1,0,0,1,2,0
0,2,1,0,0,1,1,1,0,1,0,1,1,1,1,0
1,0,1,1,1,1,1,0,1,1,0,0,0,1,1,1
0,0,0,0,0,0,1,1,1,1,1,0,0,1,1,0
0,0,1,1,1,0,1,0,1,2,1,0,0,1,0,1
1,0,0,1,0,1,1,1,1,2,1,0,0,1,2,1
1,0,1,1,2,0,1,1,1,0,1,0,1,1,2,0
0,1,0,0,0,0,0,1,0,1,0,1,0,0,2,2
1,0,1,0,1,0,0,1,0,1,0,1,0,0,2,1
0,1,0,1,1,0,1,1,1,0,1,1,1,0,2,1
1,1,2,1,1,0,1,1,1,1,0,0,0,0,1,1
1,0,0,1,0,0,0,1,0,1,0,0,1,0,0,0
1,1,1,2,1,0,1,1,1,1,0,0,0,0,0,1
1,1,1,1,1,0,0,2,0,1,0,0,1,0,1,0
0,0,1,0,0,1,1,1,1,1,1,0,1,1,0,2
1,0,0,0,1,1,1,1,0,0,0,1,0,1,0,0
1,0,0,0,0,1,1,0,1,1,0,0,1,1,0,1
1,0,1,0,0,1,1,1,1,1,1,1,1,0,0,1
0,0,0,0,0,0,1,1,1,2,1,0,2,1,1,1
0,0,1,0,0,0,1,0,1,1,1,0,0,0,0,0
0,0,0,0,0,0,1,0,2,2,0,0,1,0,0,1
0,0,0,0,0,0,2,1,1,1,1,0,1,0,1,1
1,1,0,1,1,0,0,0,0,0,0,0,0,1,2,0
0,0,0,0,1,0,0,0,1,1,0,1,1,0,0,1
1,0,0,0,1,0,0,0,0,0,0,0,1,0,1,0
0,1,0,1,1,0,0,0,1,0,0,0,0,1,1,0
0,0,0,0,0,0,0,2,0,0,2,2,0,0,2,1
0,0,1,1,0,0,1,1,0,0,1,0,1,1,1,0
0,0,1,1,0,0,0,1,0,0,1,1,1,1,1,1
0,0,1,0,0,0,0,2,0,0,1,1,0,1,1,0
2,0,0,2,0,1,0,1,1,0,0,0,0,0,0,0
0,0,0,0,0,1,1,1,1,1,1,1,0,0,0,0
1,0,0,1,0,1,1,2,2,1,1,1,0,0,0,0
1,0,0,1,0,1,1,0,1,1,1,0,0,0,0,0
0,1,0,0,0,0,0,1,1,0,2,0,0,1,0,1
0,0,0,0,1,0,0,0,1,1,0,0,0,1,0,1
0,0,0,0,0,0,0,0,2,0,1,0,0,1,0,0
0,0,0,0,0,0,0,1,2,1,1,0,0,1,0,1
0,0,0,0,1,1,1,0,0,0,0,0,0,0,1,0
0,2,1,1,0,1,0,0,1,1,2,1,0,1,1,1
0,1,0,1,1,1,1,0,0,0,1,1,0,1,1,0
0,1,1,0,0,1,0,0,1,0,1,1,0,0,2,0
0,1,0,0,0,0,1,0,1,0,0,0,1,1,0,0
2,0,0,0,0,0,2,1,2,2,0,1,0,0,0,0
1,1,0,0,0,0,2,1,1,1,0,1,0,1,0,0
1,0,0,0,0,0,1,0,1,1,0,0,0,1,0,0
1,0,0,0,1,0,1,0,0,0,1,0,0,1,1,0
0,0,0,1,0,0,1,2,2,1,1,0,0,0,0,0
0,0,0,0,1,0,1,1,1,1,2,0,0,1,1,0
0,0,0,0,1,0,0,1,1,0,1,0,0,0,0,0
0,0,1,0,0,0,1,1,1,1,1,1,1,0,0,1
1,0,0,0,0,1,1,0,1,0,0,0,0,1,2,1
1,0,0,0,0,0,1,0,0,1,0,1,0,1,1,1
1,0,1,0,0,1,2,1,1,0,1,0,0,0,1,0
2,0,0,1,0,0,2,1,1,1,0,0,0,0,0,0
0,0,0,0,0,0,1,1,1,2,1,2,1,0,0,1
1,0,0,0,0,0,2,1,1,1,0,1,1,0,0,0
1,0,0,0,0,0,2,2,1,2,0,1,1,0,0,0
0,0,1,0,0,0,1,2,2,0,0,2,0,1,1,1
0,2,2,1,1,0,1,1,2,0,0,0,0,0,0,1
0,1,2,0,0,0,1,2,2,0,0,1,0,1,1,1
0,1,1,0,0,0,2,2,2,0,0,1,0,0,1,1
0,0,1,0,0,0,0,1,2,0,1,0,0,2,0,0
0,1,1,0,0,0,0,0,1,0,0,0,0,0,0,0
0,0,1,0,0,0,0,0,2,0,1,0,0,1,0,0
0,1,1,0,0,0,0,1,2,0,0,0,0,1,0,0
0,0,0,0,1,1,1,0,0,0,0,1,1,1,0,0
0,1,1,1,1,1,1,1,0,0,1,0,0,0,0,1
0,1,0,1,1,0,0,0,0,0,0,1,1,1,0,1
0,1,1,1,1,1,0,1,0,0,0,1,0,0,0,1
0,0,0,2,0,0,2,1,2,1,2,1,1,1,1,1
0,1,0,1,0,1,2,1,2,2,1,1,1,1,1,2
0,1,0,1,0,1,2,2,2,2,2,2,1,0,1,1
0,0,0,2,0,0,2,0,2,2,1,0,1,1,0,2
0,0,1,1,0,0,1,0,0,0,0,0,0,0,0,0
0,0,0,0,0,0,1,1,0,1,0,0,0,0,0,0
0,0,0,0,0,0,2,1,0,0,0,0,0,0,0,0
0,0,1,0,0,0,1,1,0,0,0,0,0,0,0,0
0,0,0,0,0,0,0,0,0,0,0,0,0,1,0,0
1,0,0,0,1,0,2,2,1,2,0,0,0,0,1,0
1,0,0,0,0,0,1,1,1,1,0,0,0,0,0,0
1,0,0,0,0,0,1,1,1,1,0,0,0,1,1,0
0,0,0,0,0,0,1,0,0,0,0,0,0,0,0,0
0,1,1,1,2,0,2,2,1,0,0,1,0,0,0,0
0,0,1,1,1,0,1,1,1,0,0,1,0,0,0,0
0,1,1,0,1,0,1,1,0,0,0,1,0,0,0,0
2,1,0,0,0,1,0,0,0,1,1,0,0,1,1,0
1,1,0,1,1,0,1,0,1,1,0,2,2,1,2,2
1,0,0,1,0,1,0,0,1,2,0,1,1,2,1,1
2,1,0,0,0,1,1,0,0,1,0,1,1,2,1,1
1,0,1,1,1,0,1,1,2,1,1,0,1,0,1,2
0,1,2,0,0,1,1,0,2,1,0,0,0,1,1,1
1,1,2,0,0,0,1,1,2,0,0,0,0,0,1,2
0,0,1,1,1,1,1,0,2,1,0,0,0,0,1,1
0,0,0,0,1,1,2,2,1,2,0,1,1,1,1,0
1,1,0,0,0,0,1,2,1,1,0,1,0,0,1,0
1,1,0,0,0,1,2,2,1,1,0,2,1,0,1,0
1,1,0,0,1,1,1,2,1,2,0,1,1,1,1,0
1,1,1,1,1,1,1,0,1,1,1,0,1,0,0,1
0,0,1,0,1,0,1,1,1,0,0,0,1,0,0,1
0,0,0,0,1,0,1,0,0,0,0,0,2,0,0,0
0,0,1,0,1,1,1,0,1,0,1,0,0,0,0,1
0,1,1,1,1,0,1,0,1,1,1,1,1,1,1,0
0,0,0,1,0,0,0,0,1,0,0,0,1,1,0,0
0,0,0,0,0,0,0,0,2,0,0,0,1,0,1,0
0,0,0,2,0,0,1,0,1,1,1,0,1,0,1,0
1,0,0,1,0,0,1,0,1,1,0,0,0,2,1,1
1,1,0,1,1,1,1,0,2,1,1,0,0,1,0,0
2,1,0,0,1,1,1,0,2,1,1,0,0,2,0,1
2,0,0,0,0,1,1,0,1,2,0,0,0,1,0,1
0,0,0,0,0,0,1,1,0,1,1,2,2,0,1,1
0,0,1,1,0,1,0,1,1,1,1,0,0,0,0,0
0,0,1,0,0,1,0,1,1,2,2,1,1,0,0,0
0,0,1,0,0,0,1,1,1,0,2,1,1,0,0,1
0,0,0,0,0,0,1,2,2,2,2,1,1,0,0,1
0,1,1,0,1,1,0,0,0,0,0,0,1,1,0,0
0,1,1,0,0,0,1,1,1,1,1,0,0,0,0,1
0,0,1,0,0,1,1,1,1,1,1,0,1,0,0,1
0,0,0,1,0,0,1,1,0,0,1,1,2,1,0,1
0,0,0,1,0,1,1,1,1,2,1,0,0,1,0,0
0,0,0,1,0,1,1,1,0,1,2,0,1,1,0,1
0,0,0,0,0,0,1,1,0,1,0,0,1,1,0,1
0,1,2,2,0,2,2,2,1,1,0,0,0,0,1,0
0,0,0,0,1,0,1,1,1,0,0,1,0,0,0,1
0,1,1,1,1,1,2,2,1,1,0,0,0,0,0,0
0,1,1,1,0,1,1,1,2,1,0,0,0,0,0,0
1,0,0,1,2,0,1,0,1,2,0,0,0,0,0,0
0,0,1,0,0,0,2,1,0,1,1,1,1,2,0,0
1,0,0,1,1,0,1,1,0,1,0,0,1,1,0,0
1,0,1,1,1,0,2,1,1,2,0,1,1,1,0,0
0,0,0,0,0,0,0,0,1,1,0,2,1,0,0,0
1,1,1,1,0,0,0,0,0,0,1,1,0,1,0,0
1,0,0,1,0,0,0,0,1,1,0,2,1,1,0,0
1,1,0,0,0,0,0,0,0,1,1,1,1,0,0,0
0,1,1,0,1,1,0,1,0,0,0,1,1,0,0,1
0,1,1,0,1,0,1,1,0,2,1,1,0,1,1,1
0,1,2,0,1,0,0,1,0,1,0,1,0,0,0,1
0,2,0,0,2,0,0,0,0,1,0,0,1,1,1,2
0,0,1,1,2,0,1,2,1,1,0,1,0,1,0,0
0,0,1,0,0,0,1,0,0,0,2,2,0,1,1,0
0,0,0,1,1,0,0,1,1,0,1,1,0,0,0,0
0,0,1,1,1,0,0,1,1,0,1,2,0,2,1,0
0,0,1,0,0,0,0,0,0,1,0,0,0,1,0,0
1,1,1,0,0,0,1,0,2,1,0,0,0,0,0,0
1,1,1,0,0,0,1,0,1,1,0,0,0,1,0,0
0,0,1,0,0,0,1,0,1,2,0,0,0,1,0,0
0,0,1,0,0,0,2,2,2,1,0,1,1,1,0,0
0,0,1,1,2,1,0,2,1,1,0,1,1,1,1,1
0,0,1,1,1,0,1,2,2,0,0,2,2,1,0,0
0,0,2,1,1,0,1,2,1,1,0,1,0,1,0,0
0,1,0,1,0,0,0,0,0,1,0,1,0,0,0,0
1,0,0,0,0,0,2,2,1,0,0,0,0,0,1,1
0,0,0,0,0,0,1,1,1,1,0,0,0,0,0,0
0,1,0,1,0,0,1,1,1,1,0,0,0,0,0,1
0,0,0,0,1,0,1,0,0,0,0,1,1,1,1,1
1,1,0,1,1,1,1,1,0,0,0,0,0,0,0,0
0,0,0,1,0,0,1,1,0,0,0,0,1,1,1,0
0,1,0,1,2,1,1,1,0,0,0,1,0,1,1,1
1,0,1,1,0,1,0,0,1,2,0,1,0,1,0,0
0,0,0,0,0,0,1,1,1,2,1,1,0,1,0,1
0,0,1,0,0,1,1,0,2,2,0,0,0,0,0,0
0,0,0,0,0,1,0,1,0,2,1,0,0,1,0,1
0,0,1,0,0,0,2,0,1,2,0,1,0,0,1,0
0,0,0,0,0,0,1,0,1,0,0,0,0,0,1,0
0,0,0,0,0,0,2,0,0,1,0,1,0,0,2,0
0,0,0,0,0,0,1,0,2,1,0,1,0,0,0,0
0,0,0,0,1,1,1,0,1,1,1,1,1,0,0,1
0,0,0,0,0,1,1,0,0,0,1,2,0,1,0,1
0,0,0,0,1,1,1,0,0,1,1,1,0,0,0,2
0,0,0,0,0,2,2,0,0,1,0,1,1,1,0,2
0,1,1,2,0,1,1,1,2,1,1,0,0,1,0,1
0,0,0,0,0,0,0,0,0,0,0,0,0,0,0,0
0,1,0,1,0,0,1,1,1,1,1,0,0,0,0,0
0,1,1,1,0,1,1,1,1,0,1,0,0,1,0,1
0,0,0,0,0,0,0,2,1,1,0,0,0,0,1,0
0,0,0,1,0,0,0,1,2,0,1,1,0,1,0,1
0,0,0,0,0,0,0,1,2,1,1,0,0,1,0,0
0,0,0,0,0,0,0,2,2,0,1,0,0,0,0,1
1,1,2,1,2,1,0,1,0,0,0,1,0,0,0,0
1,0,0,0,1,0,2,1,1,1,0,1,0,1,0,0
1,1,1,0,1,1,1,2,0,0,0,1,0,1,0,0
1,1,1,1,2,1,1,2,0,0,0,1,0,0,0,0
0,0,0,0,0,0,0,0,0,1,0,0,1,1,1,1
0,0,0,0,0,0,0,1,0,1,1,2,0,0,0,2
0,0,0,0,0,0,0,0,0,1,1,1,0,0,1,2
0,0,0,0,0,0,0,0,0,1,0,1,1,0,1,2
0,0,0,0,0,1,1,1,0,1,2,0,0,1,1,1
0,0,0,0,0,0,1,1,0,1,0,0,1,1,0,0
0,0,0,0,0,1,2,1,0,1,1,0,0,2,1,0
0,0,0,0,0,0,2,2,0,1,1,0,0,0,1,0
0,0,1,0,0,0,0,0,1,0,0,0,0,0,1,1
0,1,1,0,1,0,1,1,1,0,0,1,0,0,0,0
0,1,1,0,0,0,0,0,2,0,0,0,0,0,1,0
0,1,1,0,0,0,1,1,1,0,0,0,0,0,1,1
0,0,1,0,0,1,0,0,1,0,1,1,0,1,0,1
0,0,0,0,0,0,1,0,1,1,0,1,0,0,1,0
0,0,1,0,0,0,1,0,1,1,0,0,0,1,0,0
0,0,1,0,0,0,0,0,2,0,0,1,0,0,1,1
1,0,1,0,2,1,2,0,1,1,0,0,0,1,1,1
0,0,0,0,1,0,2,0,1,1,1,0,1,0,1,1
0,0,0,0,2,1,2,0,1,1,0,0,1,1,1,2
0,0,0,0,2,0,2,0,1,2,1,0,1,0,0,0
0,1,0,1,0,0,1,2,1,1,1,1,1,0,1,1
0,0,0,0,0,0,0,0,0,0,0,0,0,0,1,0
0,0,0,1,0,0,0,1,0,0,0,1,1,0,1,1
0,1,0,1,0,0,0,1,1,0,0,0,1,0,2,0
1,1,1,1,1,2,2,0,2,2,0,1,1,0,1,1
0,1,0,1,0,1,0,0,1,1,0,0,0,1,0,0
0,0,0,0,1,2,1,0,1,1,0,0,0,0,0,1
1,0,1,0,0,2,1,0,2,1,0,1,1,1,1,0
1,0,0,2,1,0,2,2,2,1,0,1,0,1,0,0
1,0,1,2,0,1,0,0,0,0,0,1,1,1,0,1
2,0,1,2,1,1,1,1,1,0,0,1,0,2,0,1
0,0,0,2,1,1,1,1,1,1,0,0,0,0,0,0
1,1,0,1,1,1,0,0,2,0,0,0,1,0,0,0
0,1,0,0,0,0,1,1,1,0,1,0,2,1,0,2
0,0,0,0,0,0,0,1,2,0,1,0,2,1,0,1
1,0,0,0,1,1,0,1,2,0,0,0,1,0,0,1
1,0,0,0,1,0,1,1,1,0,2,1,0,1,1,0
1,1,0,0,0,0,0,0,1,0,1,0,0,1,1,0
2,0,0,0,0,0,0,1,1,0,2,0,0,1,1,0
0,1,0,0,0,0,1,0,1,0,1,0,0,1,1,0
0,1,1,0,2,0,2,2,1,2,1,0,0,1,0,0
1,0,1,0,0,0,0,1,1,0,0,0,1,1,0,1
0,1,2,0,1,0,1,1,1,1,0,0,1,1,0,1
1,0,2,0,1,0,1,2,0,1,1,0,0,0,0,0
1,1,1,0,1,0,0,1,0,0,0,0,0,1,0,0
0,1,0,0,0,0,0,1,1,1,1,0,0,0,0,1
1,1,0,0,1,0,0,0,1,0,1,0,0,1,0,0
1,1,1,0,1,0,0,0,1,1,1,0,0,0,0,0
0,0,0,0,0,1,1,1,1,0,1,0,1,0,1,1
0,0,0,0,0,0,1,1,2,1,0,1,1,0,0,1
0,0,0,0,0,1,2,1,2,0,1,0,1,0,0,1
0,0,0,0,0,0,0,2,1,1,1,0,1,0,0,1
0,1,0,0,1,0,1,0,0,0,1,1,0,0,1,0
1,1,2,2,1,0,0,1,0,1,0,0,0,0,0,0
0,1,1,1,0,0,0,0,0,1,0,1,0,0,1,0
0,1,1,1,1,0,1,0,0,0,0,1,0,0,0,0
0,1,1,1,0,0,0,1,1,1,0,1,1,0,1,0
0,0,0,0,0,0,2,1,0,1,1,1,0,1,0,0
0,0,1,1,0,0,1,2,1,1,0,2,0,0,1,0
0,0,0,0,0,0,1,0,0,0,0,2,1,1,1,0
1,1,0,0,0,0,1,1,1,1,0,0,0,1,0,0
0,0,0,0,0,0,1,0,1,1,0,1,1,0,0,0
0,1,0,0,0,0,1,1,2,1,0,1,0,1,0,0
0,1,0,0,0,0,1,0,1,1,0,1,0,1,0,0
1,1,1,0,1,1,1,2,1,2,1,0,1,2,0,0
2,1,1,0,1,0,0,0,1,0,0,0,0,0,1,1
2,1,1,0,0,0,0,1,1,1,0,0,1,1,0,1
1,0,0,0,0,0,0,1,2,1,1,0,1,1,1,0
1,1,1,0,1,0,1,2,1,0,0,0,1,0,0,0
0,1,0,1,0,1,0,1,1,1,1,1,0,0,1,1
0,1,0,1,0,1,0,2,1,0,0,1,0,0,1,1
0,1,0,0,1,1,1,2,0,1,1,1,1,0,1,0
0,0,0,0,0,0,1,2,0,2,1,2,1,2,1,0
0,0,0,0,0,0,0,1,1,0,0,0,0,0,1,0
0,0,0,0,0,0,1,2,1,1,0,1,0,1,1,0
0,0,0,0,0,0,1,1,1,1,1,1,1,1,2,0
0,0,0,0,0,0,0,1,2,1,1,0,1,1,2,0
0,1,0,0,0,0,1,0,0,0,1,0,0,0,1,0
0,1,0,0,0,0,1,0,1,0,1,0,0,0,1,0
0,1,0,0,0,0,0,1,1,0,0,0,0,0,2,0
1,0,1,2,2,0,0,1,0,0,0,1,1,0,0,0
0,0,0,0,1,0,1,0,2,2,0,0,1,0,1,0
1,0,1,1,2,0,1,0,1,1,0,0,1,0,0,0
1,0,1,1,2,0,0,0,1,1,0,0,2,0,0,0
0,1,0,0,2,0,1,2,0,1,0,0,0,0,2,0
0,0,0,0,0,1,0,0,0,1,1,1,0,0,0,2
0,1,0,0,1,0,1,1,0,0,1,0,0,0,1,1
0,0,0,0,1,1,1,1,0,1,0,0,0,0,1,1
1,1,1,0,1,1,1,2,1,2,0,0,1,1,0,1
0,0,0,0,1,0,1,2,1,2,0,0,0,0,0,0
1,1,0,0,0,1,1,2,0,2,0,0,1,0,0,0
0,0,0,0,1,1,1,2,0,2,0,0,0,1,0,0
0,0,0,0,0,0,1,0,0,1,1,1,0,0,1,1
0,0,0,1,0,0,0,1,1,1,1,1,0,1,0,1
0,0,0,1,0,0,1,1,1,1,1,2,0,0,1,2
0,0,0,0,0,0,0,1,0,1,1,0,0,0,1,2
0,1,1,1,1,0,0,1,0,1,0,0,0,0,0,0
1,0,1,1,0,1,1,1,2,2,0,0,1,0,0,0
1,0,2,1,1,0,1,0,1,2,0,0,1,0,0,0
1,1,1,1,0,0,1,0,1,2,0,0,1,0,0,0
